simulation,sample_comp_mean,sample_comp_std,correctness,theta_dist
1,157.0,0.0,100.0,1.80355
2,226.5,69.5,100.0,1.48475
3,226.666666667,56.747,100.0,1.53031
4,227.5,49.16554,100.0,1.58225
5,233.6,45.63595,100.0,1.45085
6,228.833333333,43.00161,100.0,1.53247
7,215.0,52.27947,100.0,1.41511
8,204.5,56.24278,100.0,1.56693
9,198.555555556,55.62795,100.0,1.45037
10,199.3,52.82055,100.0,1.41868
11,190.090909091,58.17599,100.0,1.49678
12,186.75,56.79073,100.0,1.48361
13,194.692307692,61.10695,100.0,1.4206
14,198.714285714,60.64349,100.0,1.41464
15,197.4,58.7932,100.0,1.67537
16,199.6875,57.61154,100.0,1.42235
17,202.705882353,57.18059,100.0,1.41759
18,199.944444444,56.72396,100.0,1.43556
19,203.736842105,57.50775,100.0,1.51
20,204.5,56.15024,100.0,1.70558
21,205.285714286,54.90957,100.0,1.42641
22,205.909090909,53.72312,100.0,1.45508
23,206.739130435,52.68629,100.0,1.41716
24,210.166666667,54.13307,100.0,1.42508
25,211.12,53.24458,100.0,1.60827
26,209.692307692,52.69635,100.0,1.41668
27,210.62962963,51.93168,100.0,1.79866
28,208.107142857,52.65341,100.0,1.48162
29,209.517241379,52.27291,100.0,1.41491
30,213.0,54.70954,100.0,1.4148
31,210.580645161,55.42724,100.0,1.63929
32,208.25,56.0764,100.0,1.45182
33,209.242424242,55.50486,100.0,1.42601
34,207.852941176,55.26201,100.0,1.47657
35,206.657142857,54.91133,100.0,1.44357
36,203.472222222,57.32824,100.0,1.45843
37,205.675675676,58.07314,100.0,1.42608
38,205.157894737,57.39041,100.0,1.47781
39,206.179487179,56.99882,100.0,1.41912
40,208.3,57.81877,100.0,1.41517
41,210.073170732,58.19999,100.0,1.52147
42,209.095238095,57.84289,100.0,1.49947
43,207.209302326,58.45832,100.0,1.47353
44,207.704545455,57.88138,100.0,1.45842
45,205.955555556,58.39861,100.0,1.44162
46,206.173913043,57.77893,100.0,1.41448
47,204.829787234,57.88335,100.0,1.41546
48,203.9375,57.60295,100.0,1.46633
49,204.408163265,57.10532,100.0,1.4214
50,206.16,57.84613,100.0,1.41435
51,207.647058824,58.23341,100.0,1.92416
52,206.615384615,58.13947,100.0,1.42632
53,208.773584906,59.65424,100.0,1.52444
54,209.444444444,59.30076,100.0,1.76991
55,209.618181818,58.77306,100.0,1.72811
56,210.892857143,59.00807,100.0,1.51158
57,211.175438596,58.52638,100.0,1.57479
58,212.689655172,59.13521,100.0,1.41423
59,214.084745763,59.58679,100.0,1.65653
60,217.1,63.46513,100.0,1.41676
61,217.0,62.94755,100.0,1.41425
62,217.193548387,62.45614,100.0,1.46106
63,216.095238095,62.55911,100.0,1.44175
64,215.671875,62.15934,100.0,1.41464
65,215.8,61.68785,100.0,1.47527
66,215.196969697,61.41148,100.0,2.01935
67,215.626865672,61.05144,100.0,1.46628
68,215.367647059,60.63801,100.0,1.41559
69,213.594202899,61.94793,100.0,1.70261
70,214.342857143,61.81745,100.0,1.77725
71,214.394366197,61.38208,100.0,1.4587
72,214.611111111,60.98168,100.0,1.77274
73,213.945205479,60.82557,100.0,1.56792
74,214.256756757,60.47181,100.0,1.97697
75,214.146666667,60.07477,100.0,1.42612
76,213.434210526,59.99635,100.0,1.41976
77,214.415584416,60.21635,100.0,1.4193
78,215.0,60.04848,100.0,1.42212
79,214.329113924,59.96069,100.0,1.41899
80,214.5375,59.61354,100.0,1.42117
81,214.172839506,59.33412,100.0,1.69708
82,215.256097561,59.77168,100.0,1.53819
83,215.86746988,59.66791,100.0,1.41826
84,214.80952381,60.08971,100.0,1.61692
85,215.470588235,60.04167,100.0,1.41837
86,215.837209302,59.78719,100.0,1.41942
87,216.057471264,59.47768,100.0,1.42693
88,214.897727273,60.11996,100.0,1.44252
89,215.808988764,60.38935,100.0,1.66212
90,214.733333333,60.90426,100.0,1.41547
91,215.879120879,61.53634,100.0,2.07053
92,216.565217391,61.54996,100.0,1.41432
93,217.494623656,61.86382,100.0,1.52957
94,217.393617021,61.54158,100.0,2.05562
95,216.315789474,62.10234,100.0,1.60855
96,216.458333333,61.79366,100.0,1.41594
97,216.237113402,61.51251,100.0,1.43047
98,215.5,61.62696,100.0,1.50502
99,215.777777778,61.37656,100.0,1.44314
100,215.86,61.07438,100.0,1.4288
101,214.653465347,61.95742,100.0,1.72485
102,214.039215686,61.96123,100.0,1.78898
103,214.029126214,61.6598,100.0,1.70306
104,214.653846154,61.68932,100.0,1.41751
105,213.8,62.00928,100.0,1.69663
106,213.811320755,61.7162,100.0,1.83221
107,214.158878505,61.53126,100.0,1.41444
108,214.018518519,61.26294,100.0,1.61432
109,213.972477064,60.98315,100.0,1.88063
110,214.663636364,61.13268,100.0,1.4276
111,213.900900901,61.38021,100.0,1.49013
112,213.491071429,61.25794,100.0,1.63266
113,212.787610619,61.43901,100.0,1.42325
114,212.105263158,61.5975,100.0,1.41941
115,212.269565217,61.35419,100.0,1.41527
116,212.0,61.15751,100.0,1.41763
117,211.888888889,60.90735,100.0,1.57892
118,211.186440678,61.12282,100.0,1.41755
119,210.470588235,61.36019,100.0,1.44215
120,211.625,62.38817,100.0,1.51561
121,211.52892562,62.13875,100.0,1.43698
122,211.344262295,61.91689,100.0,1.43796
123,211.170731707,61.69446,100.0,1.63008
124,211.072580645,61.45483,100.0,1.61994
125,210.632,61.40483,100.0,1.43095
126,210.992063492,61.29301,100.0,1.47881
127,210.921259843,61.0564,100.0,1.52112
128,210.984375,60.82159,100.0,1.48416
129,211.503875969,60.86981,100.0,1.49178
130,211.138461538,60.77712,100.0,1.4866
131,210.694656489,60.75579,100.0,1.57905
132,212.143939394,62.75712,100.0,1.41481
133,212.067669173,62.52689,100.0,1.56438
134,211.694029851,62.442,100.0,1.60979
135,212.111111111,62.39737,100.0,1.53109
136,212.705882353,62.55046,100.0,1.43003
137,212.766423358,62.32576,100.0,1.42054
138,213.311594203,62.42651,100.0,1.44891
139,212.848920863,62.43856,100.0,1.4402
140,212.95,62.22658,100.0,1.41422
141,213.212765957,62.08343,100.0,1.68718
142,213.105633803,61.87752,100.0,1.45064
143,213.293706294,61.7015,100.0,1.43435
144,213.597222222,61.59391,100.0,1.54393
145,213.468965517,61.40044,100.0,1.43175
146,214.04109589,61.57642,100.0,1.41955
147,214.408163265,61.52669,100.0,1.57239
148,214.547297297,61.34168,100.0,1.43308
149,214.161073826,61.31578,100.0,1.41468
150,213.746666667,61.32006,100.0,1.41876
151,213.291390728,61.37051,100.0,1.44612
152,213.467105263,61.20639,100.0,1.49973
153,214.039215686,61.41245,100.0,1.6047
154,215.038961039,62.44934,100.0,1.54887
155,214.212903226,63.08601,100.0,1.44037
156,214.064102564,62.91077,100.0,1.4378
157,213.828025478,62.77938,100.0,1.79991
158,213.721518987,62.59462,100.0,1.61671
159,213.836477987,62.41421,100.0,1.84302
160,213.88125,62.22142,100.0,1.48181
161,213.763975155,62.04562,100.0,1.55445
162,213.339506173,62.08787,100.0,1.56945
163,213.417177914,61.90501,100.0,1.69873
164,213.091463415,61.85593,100.0,1.49077
165,213.090909091,61.6682,100.0,1.42151
166,212.704819277,61.68188,100.0,1.45012
167,212.479041916,61.56568,100.0,1.53703
168,212.202380952,61.48621,100.0,1.4154
169,211.75739645,61.57475,100.0,1.49967
170,212.152941176,61.60835,100.0,1.42798
171,211.567251462,61.90079,100.0,1.51411
172,211.505813953,61.72581,100.0,1.43784
173,212.595375723,63.18418,100.0,1.48812
174,212.350574713,63.08458,100.0,1.44353
175,212.411428571,62.9092,100.0,1.41484
176,212.471590909,62.73528,100.0,1.48168
177,212.474576271,62.55782,100.0,1.43373
178,212.280898876,62.43504,100.0,1.45463
179,212.921787709,62.8448,100.0,1.42195
180,212.283333333,63.24944,100.0,1.41518
181,211.91160221,63.27134,100.0,1.41503
182,212.401098901,63.44002,100.0,1.46041
183,212.327868852,63.27416,100.0,1.68751
184,212.255434783,63.10959,100.0,1.41465
185,212.281081081,62.93976,100.0,1.55661
186,212.435483871,62.80546,100.0,1.63515
187,211.903743316,63.05571,100.0,1.46308
188,211.994680851,62.90008,100.0,1.48977
189,211.841269841,62.76871,100.0,1.76735
190,211.321052632,63.0105,100.0,1.89698
191,211.172774869,62.87856,100.0,1.46651
192,211.166666667,62.71466,100.0,1.43691
193,211.222797927,62.55681,100.0,1.43384
194,211.24742268,62.39631,100.0,1.42777
195,211.769230769,62.65905,100.0,1.52545
196,212.06122449,62.63187,100.0,1.41505
197,212.299492386,62.5617,100.0,1.47825
198,212.398989899,62.41914,100.0,1.4182
199,212.40201005,62.26212,100.0,1.67728
200,212.34,62.11243,100.0,1.78803
201,212.313432836,61.95887,100.0,1.6972
202,212.336633663,61.80619,100.0,1.45863
203,212.064039409,61.77538,100.0,1.4615
204,212.156862745,61.63798,100.0,1.51898
205,212.282926829,61.51381,100.0,1.43981
206,212.752427184,61.73142,100.0,1.4299
207,212.642512077,61.60234,100.0,1.41507
208,212.403846154,61.54994,100.0,1.42022
209,212.114832536,61.54382,100.0,1.73125
210,212.361904762,61.50093,100.0,1.47179
211,212.82464455,61.72038,100.0,1.41694
212,212.778301887,61.57832,100.0,1.41655
213,212.511737089,61.55608,100.0,1.79145
214,212.518691589,61.41218,100.0,1.50444
215,212.897674419,61.51951,100.0,1.42011
216,212.652777778,61.48189,100.0,1.41968
217,212.465437788,61.40183,100.0,1.5086
218,212.408256881,61.26663,100.0,1.44172
219,212.484018265,61.13682,100.0,1.65923
220,212.718181818,61.09607,100.0,1.49263
221,213.063348416,61.1723,100.0,1.42628
222,212.842342342,61.12273,100.0,1.60193
223,213.125560538,61.13135,100.0,1.42443
224,212.799107143,61.18925,100.0,1.611
225,213.008888889,61.13381,100.0,1.95843
226,213.566371681,61.56892,100.0,1.46839
227,213.678414097,61.45625,100.0,1.53806
228,213.276315789,61.61986,100.0,1.50351
229,213.327510917,61.49003,100.0,1.42516
230,213.7,61.61459,100.0,1.54348
231,213.857142857,61.52725,100.0,1.41722
232,214.030172414,61.45081,100.0,1.41892
233,213.592274678,61.68048,100.0,1.51517
234,213.35042735,61.65916,100.0,1.43745
235,213.493617021,61.5668,100.0,1.41938
236,213.779661017,61.59251,100.0,1.41542
237,213.455696203,61.6636,100.0,1.41475
238,213.277310924,61.59517,100.0,1.44926
239,213.443514644,61.51963,100.0,1.41765
240,213.2,61.50665,100.0,1.72145
241,213.008298755,61.45072,100.0,1.41422
242,212.710743802,61.49735,100.0,1.45921
243,212.518518519,61.4435,100.0,1.41465
244,212.536885246,61.31813,100.0,1.42208
245,212.534693878,61.19287,100.0,2.18043
246,212.634146341,61.0882,100.0,1.43881
247,212.761133603,60.99694,100.0,1.4152
248,213.47983871,61.91292,100.0,1.48577
249,213.152610442,62.00299,100.0,1.42617
250,212.996,61.92818,100.0,1.41816
251,212.577689243,62.1576,100.0,1.48191
252,212.702380952,62.06559,100.0,1.42202
253,212.636363636,61.95168,100.0,1.5973
254,212.755905512,61.85883,100.0,1.73849
255,212.266666667,62.22785,100.0,2.15982
256,212.23046875,62.10888,100.0,1.42868
257,212.451361868,62.0886,100.0,1.55858
258,212.445736434,61.96823,100.0,1.44002
259,212.451737452,61.84856,100.0,1.41856
260,212.203846154,61.85828,100.0,1.47229
261,212.245210728,61.74327,100.0,1.42253
262,212.511450382,61.77525,100.0,1.6001
263,212.741444867,61.76998,100.0,1.63478
264,212.670454545,61.66363,100.0,1.42137
265,212.845283019,61.61269,100.0,1.52622
266,213.127819549,61.66852,100.0,2.09722
267,213.419475655,61.73645,100.0,1.43654
268,213.320895522,61.64222,100.0,1.41935
269,213.360594796,61.53096,100.0,1.72197
270,213.314814815,61.4215,100.0,1.41576
271,213.413284133,61.32942,100.0,2.08165
272,213.463235294,61.2221,100.0,1.54452
273,213.73992674,61.28001,100.0,1.56391
274,213.722627737,61.16875,100.0,1.44782
275,213.578181818,61.10423,100.0,1.62479
276,213.764492754,61.07164,100.0,1.41556
277,213.635379061,60.99903,100.0,1.87835
278,213.597122302,60.89255,100.0,1.46585
279,213.53046595,60.79348,100.0,1.58572
280,213.9,60.99793,100.0,1.49847
281,213.960854093,60.89781,100.0,1.42114
282,213.79787234,60.8511,100.0,1.5043
283,213.833922261,60.74651,100.0,1.41448
284,213.848591549,60.63997,100.0,1.41428
285,213.684210526,60.59684,100.0,1.43071
286,214.048951049,60.8034,100.0,1.41751
287,214.066202091,60.69808,100.0,1.41422
288,214.246527778,60.66957,100.0,1.43311
289,214.418685121,60.63494,100.0,1.42583
290,214.444827586,60.53194,100.0,1.58117
291,214.64604811,60.52492,100.0,1.51223
292,214.510273973,60.46557,100.0,1.44883
293,214.313993174,60.45541,100.0,1.41659
294,214.401360544,60.37104,100.0,1.41424
295,214.308474576,60.28967,100.0,1.49244
296,213.885135135,60.62535,100.0,1.53532
297,213.804713805,60.53901,100.0,1.43086
298,213.795302013,60.43757,100.0,1.43078
299,213.678929766,60.36985,100.0,1.68609
300,213.383333333,60.48551,100.0,1.4154
301,213.584717608,60.48561,100.0,1.4148
302,214.003311258,60.82052,100.0,1.62844
303,213.818481848,60.80497,100.0,1.49949
304,214.263157895,61.19638,100.0,1.46115
305,214.298360656,61.09906,100.0,1.67518
306,214.751633987,61.51064,100.0,1.41548
307,214.856677524,61.43787,100.0,1.426
308,214.548701299,61.57495,100.0,1.43004
309,214.404530744,61.52728,100.0,1.56938
310,214.651612903,61.58132,100.0,1.42401
311,214.627009646,61.48376,100.0,1.4203
312,214.798076923,61.45924,100.0,1.47448
313,214.552715655,61.51385,100.0,1.51165
314,214.570063694,61.41658,100.0,1.63322
315,214.558730159,61.31935,100.0,1.72235
316,214.965189873,61.6458,100.0,1.50747
317,214.848580442,61.58339,100.0,1.61343
318,214.701257862,61.5424,100.0,1.41592
319,214.670846395,61.44826,100.0,1.44213
320,215.015625,61.66043,100.0,1.41918
321,214.919003115,61.58857,100.0,1.42001
322,214.745341615,61.57153,100.0,1.77233
323,214.427244582,61.74057,100.0,1.41438
324,214.188271605,61.79465,100.0,1.53232
325,214.28,61.7216,100.0,1.63384
326,214.239263804,61.63123,100.0,1.57054
327,214.428134557,61.63134,100.0,1.42849
328,214.646341463,61.6637,100.0,1.41508
329,214.653495441,61.57005,100.0,1.69804
330,214.503030303,61.53724,100.0,1.43357
331,214.888217523,61.84135,100.0,1.6066
332,214.918674699,61.75064,100.0,1.43246
333,214.975975976,61.66669,100.0,1.41906
334,215.032934132,61.58307,100.0,1.41533
335,214.728358209,61.74251,100.0,1.6615
336,214.443452381,61.87071,100.0,1.70727
337,214.525222552,61.79703,100.0,1.80722
338,214.680473373,61.77133,100.0,1.43114
339,214.601769912,61.69712,100.0,1.42872
340,214.558823529,61.6114,100.0,1.43954
341,214.504398827,61.52918,100.0,1.62969
342,214.494152047,61.43945,100.0,1.51713
343,214.39941691,61.37483,100.0,1.5818
344,214.302325581,61.31193,100.0,1.42005
345,214.182608696,61.26326,100.0,1.42988
346,214.187861272,61.17474,100.0,1.43297
347,214.077809798,61.12082,100.0,1.4498
348,214.172413793,61.05838,100.0,1.41443
349,214.191977077,60.97193,100.0,1.42436
350,214.137142857,60.89338,100.0,1.41797
351,214.216524217,60.82471,100.0,1.46001
352,214.102272727,60.77596,100.0,1.99904
353,214.0,60.72014,100.0,1.7174
354,214.036723164,60.63824,100.0,1.46467
355,213.890140845,60.61554,100.0,1.63802
356,214.168539326,60.7572,100.0,1.59045
357,214.280112045,60.70856,100.0,1.61701
358,214.011173184,60.8363,100.0,1.75786
359,213.963788301,60.75813,100.0,1.51004
360,213.944444444,60.67479,100.0,1.42627
361,213.916897507,60.59295,100.0,1.53171
362,214.245856354,60.83115,100.0,1.41773
363,213.997245179,60.93118,100.0,1.72423
364,213.931318681,60.86039,100.0,1.41423
365,213.830136986,60.80761,100.0,1.43971
366,214.112021858,60.96282,100.0,1.84486
367,213.891008174,61.02636,100.0,1.41516
368,213.809782609,60.96325,100.0,1.8792
369,213.845528455,60.88445,100.0,1.54093
370,213.943243243,60.83109,100.0,1.54427
371,213.92722372,60.74983,100.0,1.42758
372,214.107526882,60.76744,100.0,1.41944
373,214.096514745,60.6863,100.0,1.5257
374,214.122994652,60.60727,100.0,1.41454
375,214.101333333,60.52786,100.0,1.51773
376,214.066489362,60.45108,100.0,1.48387
377,213.763925729,60.65526,100.0,1.4148
378,213.878306878,60.61568,100.0,1.4169
379,213.786279683,60.56209,100.0,1.41797
380,213.921052632,60.53924,100.0,1.47523
381,213.606299213,60.77027,100.0,1.41423
382,213.494764398,60.72971,100.0,1.68805
383,213.524804178,60.65322,100.0,1.43667
384,213.393229167,60.6289,100.0,1.54961
385,213.428571429,60.55407,100.0,1.41471
386,213.792746114,60.89627,100.0,1.53245
387,213.785529716,60.81771,100.0,1.52261
388,213.75257732,60.74274,100.0,1.55895
389,213.938303342,60.77483,100.0,1.41722
390,213.748717949,60.81193,100.0,1.83433
391,213.744245524,60.73418,100.0,1.70217
392,213.655612245,60.68198,100.0,1.41559
393,213.575063613,60.6257,100.0,1.42516
394,213.406091371,60.64131,100.0,1.42991
395,213.453164557,60.5717,100.0,1.48205
396,213.378787879,60.51323,100.0,2.42409
397,213.22418136,60.51523,100.0,1.61587
398,213.153266332,60.45567,100.0,1.42352
399,213.182957393,60.38277,100.0,1.66094
400,213.1225,60.31934,100.0,1.47923
401,213.219451372,60.27528,100.0,1.43055
402,213.31840796,60.23287,100.0,1.51703
403,213.277915633,60.16357,100.0,1.41422
404,213.356435644,60.10973,100.0,1.42372
405,213.380246914,60.03738,100.0,1.42396
406,213.325123153,59.97366,100.0,1.41505
407,213.292383292,59.90357,100.0,1.4178
408,213.411764706,59.87857,100.0,1.42328
409,213.474327628,59.81867,100.0,1.45143
410,213.548780488,59.76465,100.0,1.47543
411,213.496350365,59.70134,100.0,1.5404
412,213.199029126,59.93272,100.0,1.42001
413,213.072639225,59.91507,100.0,1.42099
414,212.966183575,59.88176,100.0,1.41609
415,212.787951807,59.91941,100.0,1.42871
416,212.733173077,59.85775,100.0,1.41598
417,212.669064748,59.80023,100.0,1.48872
418,212.703349282,59.73276,100.0,1.41541
419,212.737470167,59.66552,100.0,1.42822
420,212.530952381,59.74419,100.0,1.41896
421,212.560570071,59.67628,100.0,1.46934
422,212.481042654,59.62786,100.0,1.46845
423,212.685579196,59.70537,100.0,1.41613
424,212.521226415,59.73064,100.0,1.41702
425,212.303529412,59.8285,100.0,1.449
426,212.387323944,59.7832,100.0,1.42283
427,212.266978923,59.76479,100.0,1.45364
428,212.488317757,59.86989,100.0,1.42976
429,212.617715618,59.85996,100.0,1.55567
430,212.806976744,59.91868,100.0,1.7069
431,212.62412993,59.96912,100.0,1.41882
432,212.534722222,59.92842,100.0,1.4409
433,212.29330254,60.06912,100.0,1.49992
434,212.387096774,60.03162,100.0,1.5078
435,212.377011494,59.96294,100.0,1.43665
436,212.353211009,59.89619,100.0,1.42426
437,212.393592677,59.83357,100.0,1.62328
438,212.625570776,59.96164,100.0,1.73805
439,212.498861048,59.95199,100.0,1.72343
440,212.568181818,59.90143,100.0,1.43571
441,212.501133787,59.85001,100.0,1.42578
442,212.735294118,59.98416,100.0,1.49349
443,212.695259594,59.92233,100.0,1.64543
444,212.648648649,59.86285,100.0,1.62021
445,212.516853933,59.86001,100.0,1.4258
446,212.320627803,59.93597,100.0,2.08688
447,212.257270694,59.88384,100.0,1.41503
448,212.279017857,59.81874,100.0,1.41447
449,212.354120267,59.77323,100.0,1.5933
450,212.315555556,59.71237,100.0,1.59173
451,212.880266075,60.8372,100.0,1.48383
452,212.663716814,60.94363,100.0,1.516
453,212.924944812,61.12914,100.0,1.44732
454,212.918502203,61.06193,100.0,1.93465
455,212.942857143,60.997,100.0,1.45683
456,212.747807018,61.07197,100.0,1.41542
457,213.234135667,61.88275,100.0,1.43108
458,213.026200873,61.97477,100.0,1.46095
459,213.178649237,61.99314,100.0,1.44905
460,213.406521739,62.11786,100.0,1.41422
461,213.451193059,62.05784,100.0,1.94579
462,213.417748918,61.9948,100.0,1.44823
463,213.35637149,61.94187,100.0,1.64245
464,213.476293103,61.92887,100.0,1.50054
465,213.610752688,61.93001,100.0,1.45753
466,213.626609442,61.86447,100.0,1.46938
467,213.533190578,61.83109,100.0,1.43145
468,213.382478632,61.85081,100.0,1.5323
469,213.737739872,62.261,100.0,1.47242
470,213.642553191,62.22888,100.0,1.41481
471,213.770700637,62.22484,100.0,1.48963
472,213.949152542,62.27942,100.0,1.52138
473,214.010570825,62.22786,100.0,1.49298
474,213.9092827,62.2012,100.0,1.45268
475,213.781052632,62.19838,100.0,1.76105
476,213.68697479,62.16683,100.0,1.48735
477,213.666666667,62.10321,100.0,1.50716
478,213.652719665,62.03897,100.0,1.45002
479,213.624217119,61.97731,100.0,1.43449
480,213.564583333,61.92647,100.0,1.45625
481,213.893970894,62.28156,100.0,1.48027
482,214.22406639,62.6367,100.0,1.50189
483,214.140786749,62.59853,100.0,1.42098
484,213.958677686,62.66178,100.0,1.64489
485,213.87628866,62.62338,100.0,1.47433
486,213.650205761,62.75674,100.0,1.51709
487,213.689938398,62.69839,100.0,1.50283
488,213.653688525,62.63923,100.0,1.44451
489,213.642126789,62.57567,100.0,1.43028
490,213.728571429,62.54101,100.0,1.41438
491,213.50305499,62.6764,100.0,1.45767
492,213.43902439,62.62875,100.0,1.53042
493,213.584178499,62.64799,100.0,1.41675
494,213.455465587,62.64976,100.0,1.48769
495,213.42020202,62.59136,100.0,1.61926
496,213.445564516,62.53078,100.0,1.56264
497,213.509054326,62.48384,100.0,1.59448
498,213.5562249,62.42993,100.0,1.43334
499,213.687374749,62.43597,100.0,1.58457
500,213.422,62.65458,100.0,1.7708
