simulation,sample_comp_mean,sample_comp_std,correctness,theta_dist
1,165.0,0.0,100.0,1.63898
2,202.0,37.0,100.0,1.48695
3,236.333333333,57.18586,100.0,1.42725
4,231.25,50.30097,100.0,1.62688
5,199.4,77.98615,100.0,1.66689
6,208.0,73.7428,100.0,1.78355
7,225.428571429,80.52126,100.0,1.54028
8,240.625,85.37994,100.0,1.68252
9,246.555555556,82.22613,100.0,1.57029
10,237.6,82.50358,100.0,1.43747
11,231.363636364,81.09845,100.0,1.73347
12,234.083333333,78.16804,100.0,1.49965
13,231.153846154,75.78395,100.0,1.54305
14,231.571428571,73.04276,100.0,1.65728
15,227.533333333,72.16543,100.0,1.97362
16,223.625,71.49465,100.0,1.44423
17,218.588235294,72.22681,100.0,1.87928
18,222.277777778,71.82139,100.0,1.51771
19,222.105263158,69.90964,100.0,1.83408
20,220.55,68.47589,100.0,1.52889
21,219.428571429,67.01355,100.0,1.63817
22,220.818181818,65.78176,100.0,1.41441
23,223.043478261,65.177,100.0,1.41589
24,225.375,64.77706,100.0,1.41577
25,224.28,63.6946,100.0,1.92016
26,225.076923077,62.58466,100.0,1.55585
27,228.592592593,63.97758,100.0,1.42737
28,225.464285714,64.89358,100.0,1.96438
29,225.862068966,63.79965,100.0,1.46453
30,225.633333333,62.7394,100.0,1.57028
31,225.290322581,61.74777,100.0,1.52225
32,228.1875,62.87957,100.0,1.41487
33,231.272727273,64.33213,100.0,1.41422
34,229.735294118,63.99141,100.0,1.49396
35,231.914285714,64.33767,100.0,1.48247
36,230.444444444,64.031,100.0,2.18751
37,231.945945946,63.79907,100.0,1.43244
38,230.605263158,63.48002,100.0,1.44318
39,231.153846154,62.75207,100.0,1.49433
40,228.95,63.47281,100.0,1.51205
41,228.87804878,62.69562,100.0,1.72383
42,228.547619048,61.98087,100.0,1.47442
43,226.76744186,62.33288,100.0,1.43383
44,228.954545455,63.26745,100.0,1.44399
45,229.511111111,62.66937,100.0,1.43462
46,228.760869565,62.18842,100.0,1.47046
47,229.14893617,61.57956,100.0,1.73986
48,227.5,61.97446,100.0,1.62459
49,227.448979592,61.33982,100.0,1.80265
50,226.12,61.4318,100.0,1.50673
51,228.803921569,63.71844,100.0,1.42213
52,227.038461538,64.34999,100.0,1.78701
53,226.754716981,63.77286,100.0,1.50864
54,226.240740741,63.29032,100.0,1.76889
55,225.654545455,62.86008,100.0,1.47109
56,228.035714286,64.75089,100.0,1.45622
57,228.929824561,64.52821,100.0,1.4525
58,227.155172414,65.35758,100.0,1.76795
59,225.745762712,65.6843,100.0,2.16966
60,227.233333333,66.12926,100.0,1.42645
61,227.131147541,65.58975,100.0,1.52578
62,227.532258065,65.13403,100.0,1.49949
63,226.507936508,65.11647,100.0,1.89957
64,226.640625,64.61433,100.0,1.64792
65,227.4,64.40253,100.0,1.45534
66,228.515151515,64.54203,100.0,1.4193
67,227.23880597,64.89235,100.0,1.56213
68,226.941176471,64.45949,100.0,1.44921
69,226.710144928,64.01904,100.0,1.41637
70,227.414285714,63.82868,100.0,1.43413
71,229.535211268,65.8149,100.0,1.45683
72,231.305555556,67.03702,100.0,1.41437
73,230.876712329,66.67565,100.0,1.54077
74,228.216216216,70.01627,100.0,4.71904
75,228.72,69.68282,100.0,1.49036
76,228.710526316,69.22291,100.0,1.55797
77,230.805194805,71.15504,100.0,1.4206
78,229.358974359,71.82742,100.0,1.55155
79,232.037974684,75.19097,100.0,1.42931
80,231.2375,75.05752,100.0,1.74253
81,230.617283951,74.79875,100.0,1.73534
82,229.37804878,75.17324,100.0,1.43389
83,231.024096386,76.19126,100.0,1.43992
84,230.797619048,75.76448,100.0,1.57524
85,229.623529412,76.0823,100.0,1.87245
86,231.220930233,77.05908,100.0,1.4514
87,230.988505747,76.64525,100.0,1.43119
88,230.181818182,76.57907,100.0,1.43141
89,230.393258427,76.17346,100.0,1.57533
90,230.266666667,75.75851,100.0,1.94484
91,232.032967033,77.18202,100.0,1.41947
92,231.945652174,76.76593,100.0,1.41731
93,232.193548387,76.38911,100.0,1.41844
94,232.308510638,75.98978,100.0,1.44317
95,231.642105263,75.86441,100.0,1.81529
96,232.5,75.93007,100.0,1.60297
97,232.587628866,75.54254,100.0,1.44387
98,232.56122449,75.15658,100.0,1.55045
99,234.484848485,77.16274,100.0,1.43314
100,234.43,76.77789,100.0,1.46274
101,234.128712871,76.45625,100.0,1.42172
102,234.843137255,76.41858,100.0,1.43924
103,235.961165049,76.88043,100.0,1.42606
104,235.413461538,76.71157,100.0,1.44115
105,235.247619048,76.36414,100.0,1.48588
106,235.018867925,76.03921,100.0,1.41522
107,235.299065421,75.73802,100.0,1.46559
108,235.490740741,75.41263,100.0,1.46132
109,235.229357798,75.11504,100.0,1.415
110,236.509090909,75.95713,100.0,1.51904
111,237.423423423,76.21988,100.0,1.43549
112,238.098214286,76.21117,100.0,1.49679
113,239.212389381,76.78397,100.0,1.52086
114,239.587719298,76.5505,100.0,1.41627
115,239.747826087,76.23611,100.0,1.44837
116,239.965517241,75.94269,100.0,1.42302
117,239.846153846,75.62838,100.0,1.91179
118,239.576271186,75.3638,100.0,1.50152
119,239.25210084,75.12905,100.0,1.462
120,240.108333333,75.39615,100.0,1.48233
121,240.305785124,75.1151,100.0,1.54308
122,240.467213115,74.82769,100.0,1.42934
123,239.609756098,75.1223,100.0,1.48888
124,239.443548387,74.84148,100.0,1.61357
125,239.168,74.60464,100.0,1.55712
126,239.436507937,74.36861,100.0,1.69172
127,238.897637795,74.3218,100.0,1.65291
128,239.7890625,74.7094,100.0,1.4144
129,239.325581395,74.60378,100.0,1.50257
130,239.269230769,74.31904,100.0,1.42267
131,240.358778626,75.06985,100.0,1.53495
132,241.212121212,75.42004,100.0,1.42516
133,241.932330827,75.59023,100.0,1.48218
134,242.417910448,75.51557,100.0,1.43043
135,242.518518519,75.24438,100.0,1.48282
136,242.198529412,75.05937,100.0,1.69443
137,242.01459854,74.81568,100.0,1.41424
138,242.615942029,74.87568,100.0,1.43132
139,242.54676259,74.61028,100.0,1.46511
140,242.185714286,74.4651,100.0,1.49306
141,242.531914894,74.31355,100.0,1.49403
142,242.732394366,74.08968,100.0,1.44133
143,242.342657343,73.9761,100.0,1.47538
144,242.034722222,73.8107,100.0,1.8729
145,241.765517241,73.62665,100.0,1.49806
146,241.924657534,73.39909,100.0,1.41455
147,242.0,73.15467,100.0,1.52627
148,242.425675676,73.08955,100.0,1.4472
149,242.033557047,72.9999,100.0,2.25387
150,243.06,73.82712,100.0,1.42268
151,242.854304636,73.62536,100.0,1.42222
152,242.585526316,73.45706,100.0,1.84277
153,242.176470588,73.3901,100.0,1.50704
154,242.292207792,73.16543,100.0,1.46017
155,241.548387097,73.51087,100.0,1.81376
156,241.282051282,73.34986,100.0,1.42389
157,241.458598726,73.14914,100.0,1.41435
158,242.050632911,73.29365,100.0,1.50015
159,241.893081761,73.08964,100.0,1.49277
160,241.475,73.05135,100.0,1.67142
161,241.062111801,73.01116,100.0,1.5835
162,240.432098765,73.22314,100.0,1.51795
163,240.067484663,73.14555,100.0,1.49348
164,239.725609756,73.05271,100.0,1.44493
165,239.36969697,72.97349,100.0,1.55779
166,239.692771084,72.87162,100.0,1.48149
167,239.604790419,72.66196,100.0,1.41929
168,239.18452381,72.64867,100.0,1.52093
169,239.75739645,72.81301,100.0,1.43107
170,239.664705882,72.60853,100.0,1.4548
171,239.807017544,72.41969,100.0,1.43441
172,240.209302326,72.40023,100.0,1.424
173,239.826589595,72.36495,100.0,2.44265
174,239.752873563,72.16322,100.0,1.59219
175,239.874285714,71.97457,100.0,1.41624
176,239.715909091,71.80038,100.0,1.50493
177,239.242937853,71.87169,100.0,1.51953
178,240.224719101,72.85005,100.0,1.41683
179,239.597765363,73.12624,100.0,1.52125
180,239.555555556,72.92502,100.0,1.41712
181,239.182320442,72.89548,100.0,1.68863
182,239.714285714,73.04639,100.0,1.46947
183,240.295081967,73.26671,100.0,1.45396
184,240.331521739,73.06901,100.0,1.41753
185,240.264864865,72.87687,100.0,1.41619
186,240.408602151,72.70699,100.0,1.41554
187,240.315508021,72.52344,100.0,1.43606
188,240.54787234,72.40006,100.0,1.41564
189,240.396825397,72.23797,100.0,1.41428
190,240.994736842,72.51501,100.0,1.45217
191,241.172774869,72.36655,100.0,1.4564
192,241.453125,72.28177,100.0,1.45619
193,241.652849741,72.14736,100.0,1.51062
194,241.56185567,71.97228,100.0,1.43486
195,242.256410256,72.4364,100.0,1.42534
196,242.193877551,72.25665,100.0,1.4482
197,242.411167513,72.1372,100.0,1.58875
198,241.898989899,72.31301,100.0,2.20702
199,242.0,72.14509,100.0,1.46887
200,241.445,72.38914,100.0,1.75704
201,241.273631841,72.2495,100.0,1.46997
202,241.430693069,72.10483,100.0,1.42584
203,241.290640394,71.95455,100.0,1.41542
204,240.838235294,72.06681,100.0,2.00868
205,240.682926829,71.92504,100.0,2.34202
206,240.665048544,71.75071,100.0,1.45438
207,240.801932367,71.60415,100.0,1.43041
208,240.591346154,71.49604,100.0,1.46143
209,240.33492823,71.4206,100.0,1.68881
210,240.333333333,71.25035,100.0,1.42657
211,240.345971564,71.08155,100.0,1.53119
212,239.886792453,71.22669,100.0,1.80702
213,240.14084507,71.15551,100.0,1.76335
214,239.761682243,71.20442,100.0,2.11613
215,239.627906977,71.06558,100.0,1.65708
216,239.763888889,70.92892,100.0,1.44937
217,239.917050691,70.80109,100.0,1.41433
218,239.917431193,70.63852,100.0,1.4532
219,239.949771689,70.47868,100.0,1.89945
220,240.095454545,70.35136,100.0,1.42331
221,239.990950226,70.20912,100.0,1.83345
222,240.072072072,70.0612,100.0,1.4176
223,240.125560538,69.90848,100.0,1.45652
224,240.008928571,69.774,100.0,1.4146
225,240.688888889,70.35864,100.0,1.42212
226,240.331858407,70.40679,100.0,1.81171
227,240.405286344,70.26021,100.0,1.45161
228,240.583333333,70.15726,100.0,1.48972
229,240.558951965,70.00488,100.0,1.52641
230,240.660869565,69.86955,100.0,1.4314
231,240.939393939,69.846,100.0,1.46297
232,240.913793103,69.69639,100.0,1.45242
233,241.017167382,69.56449,100.0,1.48453
234,240.871794872,69.45115,100.0,1.41427
235,240.69787234,69.35427,100.0,1.60691
236,240.419491525,69.33863,100.0,1.41457
237,240.164556962,69.30294,100.0,1.52002
238,239.68907563,69.5435,100.0,1.58416
239,239.631799163,69.40348,100.0,1.46595
240,239.825,69.32312,100.0,1.56035
241,239.734439834,69.19337,100.0,1.44427
242,239.702479339,69.05204,100.0,1.60695
243,239.720164609,68.91036,100.0,1.55305
244,239.401639344,68.94803,100.0,1.60108
245,239.624489796,68.89517,100.0,1.43035
246,239.5,68.7826,100.0,1.44473
247,239.263157895,68.74367,100.0,1.78037
248,239.512096774,68.7164,100.0,1.57914
249,239.746987952,68.67797,100.0,1.45007
250,239.568,68.59864,100.0,1.58314
251,239.330677291,68.56461,100.0,1.52749
252,239.515873016,68.49131,100.0,1.47112
253,239.371541502,68.3942,100.0,1.59865
254,239.263779528,68.28095,100.0,1.50816
255,239.168627451,68.16381,100.0,1.43646
256,239.30078125,68.06327,100.0,1.71217
257,238.961089494,68.1478,100.0,1.43856
258,238.984496124,68.01664,100.0,1.6229
259,238.980694981,67.88523,100.0,1.51878
260,239.415384615,68.11475,100.0,1.42362
261,239.712643678,68.1529,100.0,1.41967
262,240.240458015,68.55509,100.0,1.50933
263,240.041825095,68.50013,100.0,1.89516
264,240.231060606,68.43912,100.0,1.68988
265,240.128301887,68.33026,100.0,1.4511
266,240.368421053,68.31363,100.0,1.41677
267,240.31835206,68.19047,100.0,1.42241
268,240.167910448,68.10751,100.0,1.43762
269,240.241635688,67.99151,100.0,1.42852
270,240.255555556,67.86586,100.0,1.41548
271,240.439114391,67.80765,100.0,1.48126
272,240.764705882,67.89479,100.0,1.41671
273,240.534798535,67.87631,100.0,1.91571
274,240.390510949,67.79427,100.0,1.53154
275,240.269090909,67.70073,100.0,1.51156
276,240.22826087,67.58137,100.0,1.57492
277,240.559566787,67.68344,100.0,1.45325
278,240.985611511,67.93268,100.0,1.41531
279,240.670250896,68.01438,100.0,1.56447
280,240.782142857,67.91854,100.0,1.45756
281,240.839857651,67.80445,100.0,1.51789
282,241.464539007,68.48938,100.0,1.42633
283,241.597173145,68.40454,100.0,1.44945
284,242.190140845,69.00877,100.0,1.41458
285,241.792982456,69.21198,100.0,1.58011
286,242.454545455,69.98773,100.0,1.56053
287,242.505226481,69.87095,100.0,1.70123
288,242.697916667,69.82589,100.0,1.4148
289,242.640138408,69.71188,100.0,1.41589
290,242.920689655,69.75482,100.0,1.44849
291,243.030927835,69.66016,100.0,1.41615
292,242.996575342,69.54325,100.0,1.62581
293,243.177474403,69.49326,100.0,1.4861
294,243.023809524,69.42482,100.0,1.43067
295,243.186440678,69.36313,100.0,1.41583
296,243.202702703,69.24642,100.0,1.4231
297,243.090909091,69.1565,100.0,1.43694
298,243.231543624,69.0829,100.0,1.47226
299,243.200668896,68.96933,100.0,1.58745
300,242.996666667,68.94459,100.0,1.93709
301,242.531561462,69.2998,100.0,2.02682
302,242.745033113,69.28402,100.0,1.41523
303,243.059405941,69.38501,100.0,1.44133
304,243.654605263,70.04131,100.0,1.42002
305,243.796721311,69.97028,100.0,1.41428
306,243.647058824,69.90474,100.0,1.54868
307,243.745928339,69.81222,100.0,1.51043
308,243.922077922,69.7671,100.0,1.43311
309,244.310679612,69.9872,100.0,1.72369
310,244.032258065,70.04542,100.0,1.99739
311,244.405144695,70.24022,100.0,1.41422
312,244.326923077,70.14113,100.0,1.72536
313,244.808306709,70.54332,100.0,1.4147
314,245.022292994,70.53257,100.0,1.43142
315,245.047619048,70.42195,100.0,1.43826
316,244.819620253,70.42679,100.0,1.53455
317,245.041009464,70.42567,100.0,1.61809
318,244.908805031,70.35423,100.0,1.44422
319,245.119122257,70.34393,100.0,1.44224
320,245.35625,70.36151,100.0,1.45845
321,245.46105919,70.27684,100.0,1.41738
322,245.400621118,70.17598,100.0,1.48203
323,245.089783282,70.28893,100.0,1.42917
324,245.074074074,70.18094,100.0,1.44894
325,245.298461538,70.1892,100.0,1.41548
326,245.211656442,70.09893,100.0,1.49648
327,245.422018349,70.09464,100.0,1.42704
328,245.432926829,69.98799,100.0,1.45349
329,245.273556231,69.94113,100.0,1.45728
330,245.487878788,69.94319,100.0,1.41549
331,245.993957704,70.43996,100.0,1.42576
332,246.084337349,70.35302,100.0,1.61823
333,246.234234234,70.30038,100.0,1.43061
334,246.0,70.32508,100.0,1.51309
335,246.447761194,70.69524,100.0,1.44524
336,246.696428571,70.73654,100.0,1.44064
337,246.821958457,70.66898,100.0,1.4591
338,246.576923077,70.70759,100.0,1.63518
339,246.398230088,70.67962,100.0,2.02235
340,246.235294118,70.63933,100.0,1.53171
341,246.369501466,70.57908,100.0,1.51294
342,246.406432749,70.47911,100.0,1.73477
343,246.725947522,70.62392,100.0,1.56669
344,246.837209302,70.55129,100.0,1.42795
345,246.704347826,70.49206,100.0,1.544
346,246.598265896,70.41769,100.0,1.41705
347,246.576368876,70.31733,100.0,1.47884
348,246.402298851,70.29105,100.0,1.66738
349,246.154727794,70.34206,100.0,1.58561
350,246.031428571,70.27925,100.0,2.09453
351,246.136752137,70.20672,100.0,1.47176
352,246.451704545,70.35481,100.0,1.43063
353,246.54674221,70.27771,100.0,1.46044
354,246.225988701,70.43665,100.0,1.66508
355,246.470422535,70.48757,100.0,1.45702
356,246.485955056,70.38911,100.0,1.41423
357,246.400560224,70.30892,100.0,1.78403
358,246.427374302,70.21248,100.0,1.46235
359,246.467966574,70.11883,100.0,1.45774
360,246.230555556,70.16571,100.0,1.88874
361,246.51800554,70.28041,100.0,1.41445
362,246.433701657,70.20154,100.0,1.45152
363,246.696969697,70.2835,100.0,1.48925
364,246.703296703,70.18699,100.0,1.46698
365,246.854794521,70.15035,100.0,1.44092
366,246.846994536,70.05461,100.0,1.42091
367,246.997275204,70.01816,100.0,1.54653
368,246.945652174,69.92995,100.0,1.50911
369,246.785907859,69.90233,100.0,1.44639
370,246.635135135,69.86786,100.0,1.51224
371,246.601078167,69.77671,100.0,1.41526
372,246.443548387,69.74889,100.0,1.72702
373,246.034852547,70.09994,100.0,1.77392
374,246.07486631,70.01043,100.0,1.43976
375,246.128,69.92457,100.0,1.43404
376,246.308510638,69.91895,100.0,1.44006
377,246.084880637,69.96068,100.0,1.72271
378,245.957671958,69.91172,100.0,1.4145
379,245.852242744,69.84951,100.0,1.47748
380,245.863157895,69.75787,100.0,1.41757
381,245.908136483,69.67178,100.0,1.48248
382,245.926701571,69.58147,100.0,1.43957
383,245.587467363,69.80616,100.0,1.484
384,245.690104167,69.74414,100.0,1.67878
385,245.553246753,69.70511,100.0,1.72545
386,245.655440415,69.64364,100.0,1.62678
387,246.134366925,70.18718,100.0,1.42462
388,246.559278351,70.59332,100.0,1.44138
389,246.624678663,70.51429,100.0,1.62609
390,246.41025641,70.5507,100.0,1.85208
391,246.966751918,71.31233,100.0,1.41689
392,246.849489796,71.25905,100.0,1.43195
393,246.597964377,71.34235,100.0,1.43352
394,246.710659898,71.28678,100.0,1.45581
395,246.524050633,71.29277,100.0,1.42084
396,246.535353535,71.20305,100.0,1.42331
397,246.518891688,71.11408,100.0,1.58733
398,246.608040201,71.04689,100.0,1.73897
399,246.771929825,71.03309,100.0,1.42063
400,246.9275,71.01227,100.0,1.41623
401,247.029925187,70.95325,100.0,1.41866
402,246.833333333,70.97421,100.0,1.87081
403,246.694789082,70.9405,100.0,1.4453
404,246.658415842,70.85641,100.0,1.42151
405,246.698765432,70.77353,100.0,1.41454
406,246.433497537,70.88761,100.0,1.50257
407,246.348894349,70.82099,100.0,1.44177
408,246.504901961,70.80413,100.0,1.52387
409,246.420537897,70.73805,100.0,2.04047
410,246.52195122,70.6815,100.0,1.52659
411,246.635036496,70.63258,100.0,1.41447
412,246.859223301,70.69306,100.0,1.47848
413,246.738498789,70.64994,100.0,1.42053
414,246.90821256,70.6488,100.0,1.41609
415,247.120481928,70.69568,100.0,1.43295
416,246.954326923,70.69174,100.0,1.48057
417,247.069544365,70.64603,100.0,1.56017
418,246.892344498,70.65419,100.0,1.48956
419,247.081145585,70.67532,100.0,1.58188
420,246.885714286,70.70439,100.0,1.62019
421,247.011876485,70.66768,100.0,1.51909
422,247.061611374,70.59128,100.0,1.43273
423,246.929078014,70.56034,100.0,1.76087
424,247.129716981,70.59778,100.0,1.46763
425,247.482352941,70.88755,100.0,1.42705
426,247.316901408,70.88641,100.0,1.97219
427,247.416861827,70.83341,100.0,1.4267
428,247.474299065,70.76057,100.0,1.41448
429,247.405594406,70.69234,100.0,1.55578
430,247.569767442,70.69192,100.0,1.44354
431,247.654292343,70.63161,100.0,1.4541
432,247.425925926,70.70894,100.0,1.60714
433,247.233256351,70.74068,100.0,1.78122
434,247.205069124,70.66157,100.0,1.41429
435,247.08045977,70.62802,100.0,1.65685
436,247.133027523,70.5555,100.0,1.43799
437,247.311212815,70.57287,100.0,1.62865
438,247.182648402,70.54348,100.0,1.466
439,246.952164009,70.628,100.0,1.54375
440,246.659090909,70.81443,100.0,1.69014
441,246.494331066,70.81848,100.0,1.8041
442,246.382352941,70.7774,100.0,1.45853
443,246.214446953,70.78554,100.0,1.64823
444,246.072072072,70.76926,100.0,1.90563
445,246.087640449,70.69046,100.0,1.45512
446,246.047085202,70.61635,100.0,1.42235
447,246.062639821,70.53808,100.0,1.41655
448,246.439732143,70.90893,100.0,1.41691
449,246.485523385,70.83656,100.0,1.42903
450,246.328888889,70.83561,100.0,1.5212
451,246.396895787,70.77174,100.0,1.44416
452,246.449115044,70.7021,100.0,1.41661
453,246.463576159,70.62469,100.0,1.41726
454,246.398678414,70.56039,100.0,1.45147
455,246.391208791,70.48299,100.0,1.42165
456,246.355263158,70.40983,100.0,1.41813
457,246.341356674,70.33338,100.0,1.44338
458,246.320960699,70.25791,100.0,1.57096
459,246.392156863,70.19787,100.0,1.52735
460,246.22826087,70.20939,100.0,1.41427
461,246.056399132,70.23,100.0,1.5049
462,246.203463203,70.22498,100.0,1.46054
463,246.47300216,70.38793,100.0,1.45807
464,246.523706897,70.32051,100.0,1.51646
465,246.372043011,70.32078,100.0,1.58909
466,246.427038627,70.2553,100.0,1.53606
467,246.423982869,70.18007,100.0,1.67808
468,246.510683761,70.13008,100.0,1.64968
469,246.554371002,70.06165,100.0,1.5793
470,246.44893617,70.02432,100.0,1.81591
471,246.428874735,69.95129,100.0,1.55305
472,246.358050847,69.89406,100.0,1.51303
473,246.272727273,69.84474,100.0,1.42625
474,246.356540084,69.79483,100.0,1.49697
475,246.336842105,69.72264,100.0,1.41495
476,246.340336134,69.64941,100.0,1.53088
477,246.220125786,69.62577,100.0,1.53644
478,246.184100418,69.55735,100.0,1.42568
479,246.35908142,69.58994,100.0,1.44059
480,246.422916667,69.53145,100.0,1.45201
481,246.428274428,69.45924,100.0,1.42088
482,246.425311203,69.38718,100.0,1.41994
483,246.741200828,69.66139,100.0,1.42722
484,246.634297521,69.62904,100.0,1.69225
485,246.781443299,69.63251,100.0,1.44484
486,246.432098765,69.985,100.0,1.62169
487,246.388090349,69.91984,100.0,1.46715
488,246.459016393,69.8657,100.0,1.4357
489,246.351738241,69.83444,100.0,1.613
490,246.334693878,69.76417,100.0,1.42636
491,246.199592668,69.75722,100.0,1.67821
492,246.445121951,69.89835,100.0,1.45376
493,246.411764706,69.83134,100.0,1.60087
494,246.29757085,69.80669,100.0,1.73059
495,246.173737374,69.79044,100.0,1.48675
496,246.02016129,69.80373,100.0,1.7041
497,245.897384306,69.78705,100.0,1.59024
498,245.939759036,69.72335,100.0,1.45352
499,245.871743487,69.66999,100.0,1.43286
500,245.594,69.87627,100.0,1.59512
