simulation,sample_comp_mean,sample_comp_std,correctness,theta_dist
1,589.0,0.0,100.0,1.42461
2,454.5,134.5,100.0,1.868
3,492.666666667,122.36648,100.0,1.43779
4,513.25,111.80871,100.0,1.42097
5,508.2,100.51348,100.0,1.41772
6,513.5,92.51802,100.0,1.45571
7,528.285714286,92.99726,100.0,1.43316
8,514.125,94.71594,100.0,1.42076
9,510.777777778,89.7995,100.0,1.56339
10,499.3,91.88694,100.0,1.51811
11,491.363636364,91.13454,100.0,1.53266
12,492.666666667,87.36164,100.0,1.54757
13,494.538461538,84.18443,100.0,1.50251
14,489.214285714,83.36253,100.0,1.41489
15,500.266666667,90.53284,100.0,1.42648
16,498.6875,87.87115,100.0,1.41888
17,498.529411765,85.24989,100.0,1.49564
18,499.111111111,82.88271,100.0,1.43917
19,510.473684211,93.97837,100.0,1.4335
20,511.4,91.68773,100.0,1.4178
21,526.095238095,111.01948,100.0,1.42698
22,524.136363636,108.83778,100.0,1.583
23,527.695652174,107.74666,100.0,1.44303
24,526.625,105.60296,100.0,1.44619
25,528.24,103.77139,100.0,1.46492
26,526.038461538,102.34988,100.0,1.49416
27,528.62962963,101.30195,100.0,1.42415
28,526.392857143,100.15322,100.0,1.42385
29,528.413793103,98.9906,100.0,1.42344
30,528.166666667,97.33587,100.0,1.50597
31,534.129032258,101.16889,100.0,1.42225
32,535.65625,99.93798,100.0,1.43489
33,531.818181818,100.77862,100.0,1.43405
34,535.588235294,101.62015,100.0,1.46185
35,536.714285714,100.3729,100.0,1.43715
36,538.916666667,99.823,100.0,1.4168
37,538.081081081,98.59236,100.0,1.57337
38,539.210526316,97.52872,100.0,1.45286
39,541.435897436,97.2427,100.0,1.42589
40,538.75,97.47352,100.0,1.60266
41,539.292682927,96.33864,100.0,1.55217
42,538.19047619,95.44613,100.0,1.49051
43,533.651162791,98.81057,100.0,1.47735
44,533.318181818,97.70567,100.0,1.41435
45,536.066666667,98.31907,100.0,1.41427
46,538.5,98.605,100.0,1.4188
47,538.425531915,97.55168,100.0,1.50601
48,540.25,97.33715,100.0,1.45077
49,542.734693878,97.86471,100.0,1.44159
50,543.12,96.91865,100.0,1.42164
51,545.058823529,96.93811,100.0,1.45842
52,544.038461538,96.27764,100.0,1.47338
53,541.113207547,97.67015,100.0,1.43727
54,543.055555556,97.78935,100.0,1.43414
55,543.981818182,97.13505,100.0,1.43661
56,543.803571429,96.27294,100.0,1.42686
57,542.614035088,95.839,100.0,1.55966
58,541.362068966,95.47823,100.0,1.59775
59,539.915254237,95.30474,100.0,1.51987
60,540.316666667,94.55748,100.0,1.4189
61,538.885245902,94.4324,100.0,1.63103
62,537.403225806,94.38023,100.0,1.41824
63,535.142857143,95.30483,100.0,1.46654
64,535.671875,94.65052,100.0,1.59094
65,535.707692308,93.92005,100.0,1.41777
66,534.424242424,93.77844,100.0,1.60867
67,535.686567164,93.63923,100.0,1.42351
68,537.455882353,94.06966,100.0,1.43478
69,537.927536232,93.46647,100.0,1.41561
70,538.342857143,92.86055,100.0,1.51862
71,535.394366197,95.44728,100.0,1.71005
72,535.111111111,94.81218,100.0,1.42565
73,536.589041096,94.99197,100.0,1.44284
74,538.202702703,95.34999,100.0,1.46602
75,539.92,95.85736,100.0,1.41858
76,538.894736842,95.63769,100.0,1.68438
77,537.675324675,95.60748,100.0,1.42013
78,539.564102564,96.42768,100.0,1.41476
79,540.506329114,96.17611,100.0,1.45888
80,539.3875,96.08909,100.0,1.41829
81,538.691358025,95.69688,100.0,1.51997
82,536.634146341,96.89692,100.0,1.44207
83,537.048192771,96.38438,100.0,1.41635
84,538.785714286,97.10783,100.0,1.44152
85,537.423529412,97.33887,100.0,1.53827
86,538.581395349,97.3583,100.0,1.41959
87,540.16091954,97.89918,100.0,1.43185
88,540.556818182,97.41137,100.0,1.45063
89,540.08988764,96.96155,100.0,1.41911
90,539.8,96.46015,100.0,1.51028
91,538.846153846,96.35453,100.0,1.43222
92,538.5,95.88631,100.0,1.53855
93,537.666666667,95.70377,100.0,1.42585
94,537.595744681,95.1958,100.0,1.42546
95,538.694736842,95.29103,100.0,1.41421
96,537.53125,95.46934,100.0,1.41904
97,537.896907216,95.0435,100.0,1.41833
98,538.183673469,94.59952,100.0,1.64647
99,538.262626263,94.12377,100.0,1.50649
100,538.93,93.88709,100.0,1.45128
101,538.108910891,93.78128,100.0,1.54997
102,537.303921569,93.67045,100.0,1.43902
103,535.737864078,94.54695,100.0,1.48268
104,535.067307692,94.33709,100.0,1.43506
105,535.419047619,93.95529,100.0,1.51545
106,535.481132075,93.51321,100.0,1.44679
107,536.046728972,93.25719,100.0,1.46616
108,536.527777778,92.95772,100.0,1.41518
109,537.110091743,92.72801,100.0,1.43316
110,537.445454545,92.37193,100.0,1.41426
111,539.918918919,95.54416,100.0,1.43544
112,539.839285714,95.12037,100.0,1.4395
113,539.230088496,94.91776,100.0,1.49414
114,538.289473684,95.02804,100.0,1.57041
115,538.826086957,94.78729,100.0,1.47711
116,539.396551724,94.5759,100.0,1.44707
117,538.991452991,94.27188,100.0,1.43317
118,540.186440678,94.75731,100.0,1.4249
119,539.134453782,95.04779,100.0,1.4634
120,539.958333333,95.07667,100.0,1.48952
121,539.347107438,94.91943,100.0,1.46809
122,538.893442623,94.66124,100.0,1.42098
123,538.18699187,94.59802,100.0,1.46311
124,538.637096774,94.34796,100.0,1.43627
125,538.656,93.97005,100.0,1.41437
126,537.928571429,93.94909,100.0,1.7059
127,537.133858268,94.00271,100.0,1.41454
128,536.96875,93.65328,100.0,1.42865
129,536.124031008,93.77782,100.0,1.48933
130,535.338461538,93.84156,100.0,1.59476
131,534.732824427,93.7374,100.0,1.43351
132,534.083333333,93.67708,100.0,1.45057
133,533.857142857,93.36042,100.0,1.42119
134,533.298507463,93.23426,100.0,1.42168
135,533.77037037,93.04877,100.0,1.64408
136,534.154411765,92.81337,100.0,1.4763
137,534.401459854,92.51888,100.0,1.46428
138,534.731884058,92.26416,100.0,1.41525
139,534.517985612,91.96601,100.0,1.62044
140,534.05,91.80292,100.0,1.46446
141,533.035460993,92.26107,100.0,1.43211
142,532.091549296,92.61635,100.0,1.42579
143,531.545454545,92.52108,100.0,1.49574
144,531.347222222,92.22973,100.0,1.68035
145,530.531034483,92.43153,100.0,1.49217
146,532.178082192,94.22537,100.0,1.43274
147,532.380952381,93.93632,100.0,1.45651
148,532.837837838,93.78217,100.0,1.42195
149,534.637583893,95.99715,100.0,1.41457
150,534.913333333,95.73581,100.0,1.44693
151,535.364238411,95.57795,100.0,1.41618
152,533.559210526,97.81116,100.0,1.48106
153,532.54248366,98.29354,100.0,1.74772
154,532.75974026,98.01074,100.0,1.41702
155,532.703225806,97.69658,100.0,1.58491
156,533.262820513,97.63184,100.0,1.67415
157,532.401273885,97.91351,100.0,1.63963
158,532.316455696,97.60895,100.0,1.73649
159,532.559748428,97.34957,100.0,1.44201
160,532.7875,97.08736,100.0,1.41434
161,533.198757764,96.92507,100.0,1.41449
162,532.685185185,96.84495,100.0,1.49976
163,533.030674847,96.64751,100.0,1.41983
164,532.68902439,96.45109,100.0,1.42127
165,533.393939394,96.58118,100.0,1.44119
166,532.409638554,97.11638,100.0,1.49483
167,532.580838323,96.8503,100.0,1.47154
168,533.845238095,97.93432,100.0,1.41461
169,534.698224852,98.26807,100.0,1.41592
170,533.758823529,98.73676,100.0,1.5025
171,534.315789474,98.71511,100.0,1.4522
172,534.511627907,98.46104,100.0,1.42397
173,534.445086705,98.17993,100.0,1.475
174,534.735632184,97.97196,100.0,1.41424
175,534.234285714,97.91522,100.0,1.48991
176,534.028409091,97.67464,100.0,1.42544
177,533.0,98.34926,100.0,1.48294
178,533.213483146,98.11372,100.0,1.43993
179,533.536312849,97.93404,100.0,1.49696
180,533.677777778,97.67996,100.0,1.42001
181,533.861878453,97.44106,100.0,1.41581
182,533.137362637,97.66065,100.0,1.56473
183,532.792349727,97.50461,100.0,1.50151
184,531.673913043,98.40932,100.0,1.61691
185,531.745945946,98.14785,100.0,1.56054
186,531.951612903,97.92362,100.0,1.43682
187,531.625668449,97.76256,100.0,1.56059
188,531.345744681,97.57732,100.0,1.44276
189,531.37037037,97.31942,100.0,1.41628
190,531.889473684,97.32498,100.0,1.42299
191,532.863874346,97.99467,100.0,1.41551
192,533.390625,98.00988,100.0,1.65954
193,533.150259067,97.81236,100.0,1.53209
194,533.695876289,97.85396,100.0,1.4674
195,534.41025641,98.1086,100.0,1.41462
196,533.857142857,98.16235,100.0,1.56905
197,535.314720812,100.01671,100.0,1.42247
198,535.873737374,100.07189,100.0,1.46041
199,536.085427136,99.86457,100.0,1.42482
200,536.29,99.65639,100.0,1.42045
201,536.194029851,99.41744,100.0,1.68292
202,535.846534653,99.29335,100.0,1.69794
203,535.399014778,99.25249,100.0,1.60229
204,535.431372549,99.01,100.0,1.47048
205,535.946341463,99.04171,100.0,1.51049
206,536.461165049,99.07561,100.0,1.61144
207,536.52173913,98.83983,100.0,1.42344
208,536.182692308,98.72254,100.0,1.4315
209,535.976076555,98.53115,100.0,1.42183
210,536.238095238,98.36923,100.0,1.41961
211,535.668246445,98.48268,100.0,1.42856
212,534.528301887,99.63572,100.0,1.4752
213,534.093896714,99.60259,100.0,1.51147
214,534.252336449,99.39651,100.0,1.44973
215,533.651162791,99.55428,100.0,1.68017
216,534.083333333,99.52551,100.0,1.45047
217,534.465437788,99.4546,100.0,1.48275
218,534.298165138,99.25682,100.0,1.42199
219,533.858447489,99.24253,100.0,1.50303
220,534.05,99.05729,100.0,1.43952
221,534.009049774,98.83479,100.0,1.49462
222,534.518018018,98.90179,100.0,1.42178
223,534.475336323,98.68184,100.0,1.42852
224,534.584821429,98.4749,100.0,1.41591
225,535.084444444,98.53995,100.0,1.42081
226,535.17699115,98.3315,100.0,1.41421
227,535.079295154,98.12566,100.0,1.50564
228,535.184210526,97.923,100.0,1.45365
229,535.475982533,97.80823,100.0,1.42046
230,535.452173913,97.59604,100.0,1.53713
231,534.978354978,97.64932,100.0,1.41853
232,535.142241379,97.47047,100.0,1.44006
233,535.077253219,97.26612,100.0,1.48537
234,534.846153846,97.12215,100.0,1.42548
235,534.6,96.9884,100.0,1.67742
236,534.313559322,96.88226,100.0,1.70955
237,534.915611814,97.11906,100.0,1.42882
238,534.638655462,97.00855,100.0,1.42131
239,534.912133891,96.89729,100.0,1.41962
240,535.533333333,97.17093,100.0,1.49879
241,535.2406639,97.07507,100.0,1.48684
242,534.995867769,96.9488,100.0,1.61171
243,535.189300412,96.7959,100.0,1.43944
244,534.963114754,96.66167,100.0,1.46885
245,534.816326531,96.49144,100.0,1.43704
246,534.886178862,96.30133,100.0,1.41432
247,535.129554656,96.18197,100.0,1.43301
248,534.564516129,96.39776,100.0,1.48487
249,534.184738956,96.38972,100.0,1.42009
250,534.04,96.22386,100.0,1.44552
251,533.641434263,96.23853,100.0,1.43359
252,533.329365079,96.17456,100.0,1.44914
253,532.944664032,96.17838,100.0,1.43348
254,533.586614173,96.53043,100.0,1.41562
255,533.6,96.34121,100.0,1.60182
256,533.81640625,96.21494,100.0,1.4172
257,533.560311284,96.11495,100.0,1.4152
258,533.519379845,95.93074,100.0,1.51943
259,533.16988417,95.9098,100.0,1.46044
260,532.534615385,96.26959,100.0,1.61328
261,532.831417625,96.2041,100.0,1.43382
262,532.812977099,96.02079,100.0,1.41482
263,533.258555133,96.10906,100.0,1.41423
264,533.363636364,95.942,100.0,1.44768
265,533.766037736,95.98375,100.0,1.41458
266,534.214285714,96.08065,100.0,1.54745
267,534.374531835,95.93616,100.0,1.46194
268,534.134328358,95.83742,100.0,1.44432
269,533.802973978,95.81279,100.0,1.52365
270,534.385185185,96.11074,100.0,1.42972
271,535.250922509,96.98223,100.0,1.43611
272,534.783088235,97.10967,100.0,1.44059
273,534.545787546,97.01062,100.0,1.48556
274,534.248175182,96.95821,100.0,1.50338
275,534.098181818,96.8136,100.0,1.41468
276,534.137681159,96.64028,100.0,1.45371
277,533.837545126,96.59446,100.0,1.53459
278,534.075539568,96.5019,100.0,1.41933
279,533.573476703,96.69184,100.0,1.43229
280,534.010714286,96.79494,100.0,1.41546
281,534.042704626,96.62404,100.0,1.53592
282,533.84751773,96.50805,100.0,1.43244
283,534.855123675,97.81205,100.0,1.41921
284,534.528169014,97.7945,100.0,1.58189
285,534.873684211,97.79627,100.0,1.44003
286,535.255244755,97.83743,100.0,1.43903
287,535.167247387,97.67817,100.0,1.4658
288,534.993055556,97.55308,100.0,1.45837
289,534.930795848,97.38989,100.0,1.41711
290,535.455172414,97.62966,100.0,1.42808
291,535.4604811,97.46181,100.0,1.43558
292,535.109589041,97.47874,100.0,1.45562
293,535.245733788,97.34006,100.0,1.44204
294,535.074829932,97.21839,100.0,1.4994
295,534.555932203,97.46045,100.0,1.63417
296,534.831081081,97.41038,100.0,1.41456
297,534.575757576,97.34541,100.0,1.84313
298,534.429530201,97.21461,100.0,1.56203
299,534.846153846,97.31803,100.0,1.42888
300,535.476666667,97.76552,100.0,1.41938
301,535.435215947,97.60562,100.0,1.4964
302,534.890728477,97.9007,100.0,1.56854
303,534.739273927,97.77445,100.0,1.60703
304,534.868421053,97.63939,100.0,1.41672
305,534.449180328,97.75287,100.0,1.4456
306,534.107843137,97.77491,100.0,1.53005
307,534.234527687,97.64069,100.0,1.4255
308,533.883116883,97.67631,100.0,1.56211
309,533.216828479,98.2167,100.0,1.52841
310,532.948387097,98.17163,100.0,1.42748
311,533.15755627,98.08283,100.0,1.41577
312,534.028846154,99.12367,100.0,1.41572
313,533.833865815,99.02511,100.0,1.41425
314,534.140127389,99.01566,100.0,1.43492
315,534.00952381,98.88546,100.0,1.45838
316,534.655063291,99.39143,100.0,1.42996
317,534.451104101,99.30075,100.0,1.61187
318,534.075471698,99.36981,100.0,1.4877
319,533.598746082,99.57749,100.0,1.67529
320,534.190625,99.98221,100.0,1.44149
321,533.887850467,99.97317,100.0,1.46219
322,533.779503106,99.83669,100.0,1.43822
323,533.479876161,99.82692,100.0,1.41646
324,533.015432099,100.02165,100.0,1.45768
325,532.821538462,99.92862,100.0,1.49263
326,533.162576687,99.96448,100.0,1.42589
327,533.070336391,99.8254,100.0,1.53612
328,533.231707317,99.71582,100.0,1.51773
329,533.060790274,99.61227,100.0,1.54043
330,532.9,99.50398,100.0,1.5028
331,533.126888218,99.43901,100.0,1.41816
332,533.256024096,99.31693,100.0,1.41469
333,533.048048048,99.24007,100.0,1.41557
334,532.835329341,99.1674,100.0,1.5252
335,532.63880597,99.08439,100.0,1.51344
336,532.336309524,99.09163,100.0,1.63131
337,532.735905045,99.21525,100.0,1.41481
338,533.0,99.18693,100.0,1.42837
339,532.982300885,99.04106,100.0,1.43656
340,532.961764706,98.89603,100.0,1.41597
341,533.140762463,98.80606,100.0,1.43284
342,533.014619883,98.68899,100.0,1.7129
343,532.746355685,98.66983,100.0,1.41917
344,532.537790698,98.60199,100.0,1.51796
345,532.710144928,98.51087,100.0,1.42143
346,532.693641618,98.36889,100.0,1.48423
347,532.703170029,98.2272,100.0,1.41444
348,532.152298851,98.62128,100.0,1.43619
349,532.524355301,98.72417,100.0,1.50214
350,532.774285714,98.69354,100.0,1.42021
351,532.601139601,98.60607,100.0,1.50782
352,532.821022727,98.55204,100.0,1.44551
353,533.229461756,98.71024,100.0,1.41759
354,532.940677966,98.71994,100.0,1.56771
355,532.543661972,98.8634,100.0,1.62677
356,532.292134831,98.83813,100.0,1.5498
357,531.826330532,99.09014,100.0,1.47395
358,531.488826816,99.15691,100.0,1.42859
359,531.147632312,99.22894,100.0,1.75297
360,531.291666667,99.1286,100.0,1.42209
361,531.27700831,98.9916,100.0,1.41831
362,531.102209945,98.91055,100.0,1.50214
363,531.192837466,98.78926,100.0,1.79626
364,531.733516484,99.18984,100.0,1.41813
365,532.024657534,99.20949,100.0,1.41432
366,532.371584699,99.29532,100.0,1.41953
367,532.455040872,99.17281,100.0,1.45581
368,532.739130435,99.18739,100.0,1.41427
369,532.62601626,99.07666,100.0,1.48572
370,532.454054054,98.99781,100.0,1.43734
371,532.221024259,98.96586,100.0,1.4999
372,532.494623656,98.97316,100.0,1.57772
373,532.91689008,99.17537,100.0,1.41582
374,532.810160428,99.06414,100.0,1.47325
375,532.325333333,99.37528,100.0,1.45198
376,532.595744681,99.3811,100.0,1.41447
377,532.726790451,99.28173,100.0,1.42599
378,532.862433862,99.18529,100.0,1.41421
379,533.044854881,99.11783,100.0,1.44075
380,533.081578947,98.9899,100.0,1.42013
381,533.11023622,98.86149,100.0,1.62581
382,533.382198953,98.87461,100.0,1.42212
383,533.856396867,99.17944,100.0,1.41697
384,533.638020833,99.14237,100.0,1.56103
385,533.836363636,99.08979,100.0,1.54477
386,533.437823834,99.26983,100.0,1.75518
387,533.255813953,99.20596,100.0,1.58796
388,533.458762887,99.15845,100.0,1.4184
389,533.424164524,99.03326,100.0,1.41429
390,533.005128205,99.25091,100.0,1.62686
391,532.969309463,99.12644,100.0,1.51508
392,533.31377551,99.23396,100.0,1.46246
393,533.083969466,99.21201,100.0,1.42839
394,533.137055838,99.09162,100.0,1.50441
395,533.17721519,98.96932,100.0,1.54199
396,532.924242424,98.97206,100.0,1.4451
397,532.828715365,98.86561,100.0,1.49841
398,532.718592965,98.76571,100.0,1.57868
399,532.458646617,98.77809,100.0,1.44577
400,532.42,98.65756,100.0,1.47631
401,532.399002494,98.53536,100.0,1.44401
402,532.236318408,98.46663,100.0,1.56836
403,532.158808933,98.35667,100.0,1.42527
404,532.079207921,98.24786,100.0,1.4665
405,532.064197531,98.12696,100.0,1.41423
406,532.027093596,98.00888,100.0,1.54202
407,531.99017199,97.89123,100.0,1.50219
408,531.808823529,97.83962,100.0,1.43007
409,531.902200489,97.73814,100.0,1.42713
410,531.9,97.61888,100.0,1.42303
411,531.927007299,97.50159,100.0,1.47532
412,532.104368932,97.44955,100.0,1.44123
413,531.910411622,97.41108,100.0,1.53982
414,531.925120773,97.29383,100.0,1.44001
415,531.708433735,97.2765,100.0,1.50593
416,531.949519231,97.28356,100.0,1.41741
417,532.007194245,97.17396,100.0,1.42151
418,531.633971292,97.35643,100.0,1.7636
419,531.754176611,97.27124,100.0,1.44177
420,531.985714286,97.2709,100.0,1.42877
421,532.028503563,97.15927,100.0,1.44297
422,532.137440758,97.06982,100.0,1.48517
423,532.137115839,96.95501,100.0,1.41492
424,531.851415094,97.01872,100.0,1.53505
425,531.929411765,96.91782,100.0,1.48805
426,532.340375587,97.17403,100.0,1.42189
427,532.081967213,97.20661,100.0,1.58193
428,532.212616822,97.13051,100.0,1.44341
429,532.627039627,97.39534,100.0,1.4378
430,533.241860465,98.11195,100.0,1.42275
431,533.35962877,98.02849,100.0,1.41798
432,533.430555556,97.92604,100.0,1.531
433,533.524249423,97.83228,100.0,1.57023
434,533.444700461,97.73352,100.0,1.54671
435,533.413793103,97.62324,100.0,1.41429
436,533.626146789,97.61176,100.0,1.42312
437,533.281464531,97.76529,100.0,1.64308
438,533.493150685,97.75383,100.0,1.41663
439,533.644646925,97.69389,100.0,1.41557
440,533.831818182,97.66159,100.0,1.41979
441,534.049886621,97.65798,100.0,1.41476
442,534.312217195,97.70288,100.0,1.41541
443,534.18510158,97.62913,100.0,1.52875
444,534.234234234,97.52461,100.0,1.41531
445,534.386516854,97.4678,100.0,1.44811
446,534.558295964,97.42588,100.0,1.41462
447,534.425055928,97.35752,100.0,1.46665
448,534.176339286,97.39086,100.0,1.63282
449,534.494432071,97.51505,100.0,1.45165
450,534.675555556,97.48222,100.0,1.4155
451,534.288248337,97.72009,100.0,1.61361
452,534.055309735,97.7372,100.0,1.54102
453,534.309050773,97.7782,100.0,1.41437
454,534.224669604,97.68696,100.0,1.56312
455,534.450549451,97.69817,100.0,1.45326
456,534.221491228,97.71322,100.0,1.50012
457,534.315098468,97.62672,100.0,1.4174
458,534.497816594,97.59828,100.0,1.43145
459,534.511982571,97.49238,100.0,1.43058
460,534.25,97.54796,100.0,1.52998
461,534.212581345,97.44541,100.0,1.4506
462,534.573593074,97.64802,100.0,1.42209
463,534.408207343,97.60727,100.0,1.49938
464,534.644396552,97.63439,100.0,1.42311
465,534.346236559,97.7406,100.0,1.60537
466,534.173819742,97.70643,100.0,1.42171
467,534.256959315,97.61827,100.0,1.54933
468,534.741452991,98.07438,100.0,1.52315
469,534.530916844,98.07559,100.0,1.59941
470,534.038297872,98.55034,100.0,1.48765
471,534.010615711,98.44749,100.0,1.48921
472,534.241525424,98.47075,100.0,1.41439
473,534.338266385,98.38905,100.0,1.43298
474,534.424050633,98.30292,100.0,1.60926
475,534.408421053,98.19998,100.0,1.50376
476,534.134453782,98.27832,100.0,1.4178
477,534.259958071,98.21343,100.0,1.42134
478,534.40376569,98.1609,100.0,1.4216
479,534.340292276,98.0682,100.0,1.44849
480,533.989583333,98.26623,100.0,1.70315
481,534.018711019,98.1661,100.0,1.45699
482,533.726141079,98.27392,100.0,1.46704
483,533.896480331,98.24334,100.0,1.45391
484,534.491735537,99.00986,100.0,1.42462
485,534.698969072,99.01276,100.0,1.49176
486,534.796296296,98.93406,100.0,1.44743
487,534.714579055,98.84885,100.0,1.50177
488,534.758196721,98.75221,100.0,1.4497
489,535.016359918,98.81589,100.0,1.41456
490,535.040816327,98.71649,100.0,1.41783
491,535.189409369,98.67075,100.0,1.46542
492,535.079268293,98.60063,100.0,1.58012
493,534.681541582,98.89486,100.0,1.53399
494,534.562753036,98.82991,100.0,1.58153
495,534.604040404,98.7343,100.0,1.43176
496,534.451612903,98.693,100.0,1.44209
497,534.617706237,98.66303,100.0,1.44146
498,534.83935743,98.68771,100.0,1.42139
499,534.709418838,98.6314,100.0,1.66334
500,534.792,98.54999,100.0,1.49616
