simulation,sample_comp_mean,sample_comp_std,correctness
1,817.0,0.0,100.0
2,864.5,47.5,100.0
3,928.666666667,98.68581,100.0
4,904.0,95.54842,100.0
5,908.8,85.9986,100.0
6,882.833333333,97.64462,100.0
7,848.857142857,122.87674,100.0
8,815.25,145.3184,100.0
9,791.888888889,152.10847,100.0
10,783.7,146.37899,100.0
11,768.272727273,147.84764,100.0
12,758.166666667,145.46754,100.0
13,742.769230769,149.59286,100.0
14,747.214285714,145.03949,100.0
15,730.666666667,153.19124,100.0
16,749.8125,165.82906,100.0
17,749.882352941,160.87806,100.0
18,758.277777778,160.13148,100.0
19,756.368421053,156.07091,100.0
20,753.6,152.59699,100.0
21,759.571428571,151.29491,100.0
22,763.727272727,149.03818,100.0
23,751.52173913,156.60165,100.0
24,757.5,155.96234,100.0
25,760.72,153.62331,100.0
26,763.692307692,151.37136,100.0
27,770.37037037,152.39475,100.0
28,761.964285714,155.89293,100.0
29,762.724137931,153.2343,100.0
30,759.533333333,151.63547,100.0
31,755.677419355,150.65735,100.0
32,761.46875,151.75,100.0
33,759.303030303,149.93443,100.0
34,764.147058824,150.31127,100.0
35,759.771428571,150.32937,100.0
36,757.888888889,148.64458,100.0
37,756.864864865,146.75078,100.0
38,755.5,145.04478,100.0
39,754.641025641,143.27103,100.0
40,759.5,144.68656,100.0
41,757.756097561,143.33617,100.0
42,760.5,142.7052,100.0
43,760.302325581,141.04189,100.0
44,758.568181818,139.89288,100.0
45,761.533333333,139.72109,100.0
46,762.5,138.34609,100.0
47,766.872340426,140.04218,100.0
48,765.916666667,138.73053,100.0
49,766.306122449,137.33412,100.0
50,764.06,136.85999,100.0
51,763.176470588,135.65552,100.0
52,759.538461538,136.83391,100.0
53,755.905660377,138.04528,100.0
54,754.37037037,137.21709,100.0
55,752.363636364,136.76129,100.0
56,754.017857143,136.0888,100.0
57,754.666666667,134.9771,100.0
58,756.862068966,134.83111,100.0
59,758.355932203,134.16683,100.0
60,755.55,134.77851,100.0
61,756.508196721,133.87511,100.0
62,756.693548387,132.79897,100.0
63,752.873015873,135.13186,100.0
64,757.859375,139.79168,100.0
65,757.2,138.81246,100.0
66,758.681818182,138.2739,100.0
67,757.731343284,137.45518,100.0
68,758.691176471,136.66675,100.0
69,758.927536232,135.6868,100.0
70,758.7,134.72738,100.0
71,760.563380282,134.68061,100.0
72,760.5,133.74312,100.0
73,761.246575342,132.9749,100.0
74,761.27027027,132.07352,100.0
75,758.56,133.24566,100.0
76,759.697368421,132.73212,100.0
77,757.194805195,133.65997,100.0
78,754.474358974,134.92892,100.0
79,753.050632911,134.66056,100.0
80,751.6125,134.4254,100.0
81,751.419753086,133.60416,100.0
82,750.548780488,133.01817,100.0
83,752.963855422,134.01092,100.0
84,756.202380952,136.43914,100.0
85,755.129411765,135.99021,100.0
86,752.744186047,136.97404,100.0
87,752.862068966,136.18895,100.0
88,753.068181818,135.42658,100.0
89,754.078651685,134.99681,100.0
90,753.833333333,134.26468,100.0
91,757.428571429,137.81227,100.0
92,757.413043478,137.06133,100.0
93,758.290322581,136.5819,100.0
94,758.531914894,135.87343,100.0
95,757.557894737,135.48593,100.0
96,758.78125,135.30484,100.0
97,760.412371134,135.55101,100.0
98,762.989795918,137.22598,100.0
99,761.393939394,137.44213,100.0
100,759.58,137.93906,100.0
101,759.99009901,137.31574,100.0
102,757.990196078,138.11124,100.0
103,758.631067961,137.59149,100.0
104,760.134615385,137.77602,100.0
105,760.39047619,137.1432,100.0
106,760.103773585,136.52638,100.0
107,760.542056075,135.96181,100.0
108,759.398148148,135.8472,100.0
109,758.660550459,135.4397,100.0
110,760.409090909,136.05295,100.0
111,760.864864865,135.52304,100.0
112,761.089285714,134.93739,100.0
113,759.566371681,135.30234,100.0
114,758.51754386,135.1682,100.0
115,758.208695652,134.61962,100.0
116,756.663793103,135.05809,100.0
117,756.068376068,134.6325,100.0
118,756.694915254,134.232,100.0
119,755.478991597,134.31781,100.0
120,755.225,133.78568,100.0
121,756.603305785,134.0845,100.0
122,756.073770492,133.66082,100.0
123,756.731707317,133.3146,100.0
124,757.830645161,133.33415,100.0
125,758.296,132.90081,100.0
126,757.603174603,132.59881,100.0
127,756.31496063,132.86496,100.0
128,754.96875,133.21165,100.0
129,754.705426357,132.72776,100.0
130,755.069230769,132.28083,100.0
131,753.480916031,133.01354,100.0
132,754.227272727,132.78381,100.0
133,754.142857143,132.28723,100.0
134,753.597014925,131.94295,100.0
135,753.362962963,131.48128,100.0
136,752.470588235,131.4067,100.0
137,752.948905109,131.045,100.0
138,752.065217391,130.97838,100.0
139,754.366906475,133.27794,100.0
140,753.464285714,133.22679,100.0
141,754.035460993,132.92543,100.0
142,754.528169014,132.5857,100.0
143,754.160839161,132.19379,100.0
144,754.548611111,131.81557,100.0
145,754.413793103,131.37021,100.0
146,755.349315068,131.40331,100.0
147,756.040816327,131.22188,100.0
148,756.135135135,130.78281,100.0
149,756.395973154,130.38183,100.0
150,756.586666667,129.96734,100.0
151,756.854304636,129.57773,100.0
152,757.059210526,129.17533,100.0
153,755.960784314,129.46274,100.0
154,755.733766234,129.07227,100.0
155,753.967741935,130.50851,100.0
156,755.141025641,130.90706,100.0
157,755.331210191,130.51112,100.0
158,754.867088608,130.22736,100.0
159,755.616352201,130.15838,100.0
160,755.98125,129.83256,100.0
161,755.931677019,129.43024,100.0
162,756.098765432,129.04757,100.0
163,757.239263804,129.46747,100.0
164,756.231707317,129.71157,100.0
165,756.363636364,129.32895,100.0
166,756.644578313,128.98931,100.0
167,756.77245509,128.61308,100.0
168,755.898809524,128.72579,100.0
169,756.319526627,128.46017,100.0
170,757.241176471,128.64098,100.0
171,758.093567251,128.74487,100.0
172,758.459302326,128.45913,100.0
173,757.942196532,128.26673,100.0
174,757.787356322,127.91383,100.0
175,758.177142857,127.65143,100.0
176,756.613636364,128.95775,100.0
177,757.598870056,129.25551,100.0
178,757.578651685,128.8922,100.0
179,757.340782123,128.57083,100.0
180,757.283333333,128.2155,100.0
181,756.585635359,128.20301,100.0
182,757.324175824,128.23583,100.0
183,756.846994536,128.0469,100.0
184,756.385869565,127.85075,100.0
185,757.054054054,127.82648,100.0
186,758.360215054,128.71434,100.0
187,757.732620321,128.65476,100.0
188,757.792553191,128.31475,100.0
189,757.687830688,127.9829,100.0
190,756.794736842,128.2348,100.0
191,756.42408377,128.00067,100.0
192,755.979166667,127.81489,100.0
193,756.124352332,127.4992,100.0
194,756.340206186,127.20552,100.0
195,756.871794872,127.09479,100.0
196,757.239795918,126.87427,100.0
197,756.329949239,127.19128,100.0
198,756.257575758,126.87375,100.0
199,757.663316583,128.0911,100.0
200,759.295,129.82722,100.0
201,760.144278607,130.05963,100.0
202,760.742574257,130.01429,100.0
203,760.246305419,129.88532,100.0
204,761.12745098,130.17339,100.0
205,761.009756098,129.86639,100.0
206,761.475728155,129.72247,100.0
207,761.183574879,129.47667,100.0
208,760.889423077,129.23437,100.0
209,761.880382775,129.71456,100.0
210,762.647619048,129.87983,100.0
211,762.777251185,129.58531,100.0
212,761.849056604,129.9805,100.0
213,761.136150235,130.0898,100.0
214,760.556074766,130.06132,100.0
215,760.441860465,129.76926,100.0
216,761.00462963,129.73122,100.0
217,760.442396313,129.69545,100.0
218,760.880733945,129.55865,100.0
219,761.575342466,129.66873,100.0
220,761.75,129.39951,100.0
221,761.402714932,129.20914,100.0
222,761.310810811,128.92504,100.0
223,761.838565022,128.87576,100.0
224,761.803571429,128.58883,100.0
225,762.764444444,129.1062,100.0
226,762.867256637,128.82948,100.0
227,762.696035242,128.57117,100.0
228,761.903508772,128.8434,100.0
229,763.069868996,129.76248,100.0
230,762.430434783,129.84115,100.0
231,763.471861472,130.51894,100.0
232,763.732758621,130.29769,100.0
233,764.733905579,130.90896,100.0
234,764.145299145,130.93756,100.0
235,764.893617021,131.15916,100.0
236,764.889830508,130.881,100.0
237,765.105485232,130.6466,100.0
238,764.718487395,130.5079,100.0
239,763.539748954,131.49802,100.0
240,762.983333333,131.50542,100.0
241,763.087136929,131.24215,100.0
242,763.066115702,130.97112,100.0
243,763.53909465,130.90829,100.0
244,762.87295082,131.05181,100.0
245,762.66122449,130.8259,100.0
246,761.991869919,130.97942,100.0
247,761.898785425,130.72217,100.0
248,761.274193548,130.82714,100.0
249,761.112449799,130.58901,100.0
250,760.752,130.45163,100.0
251,762.047808765,131.79381,100.0
252,761.011904762,132.55198,100.0
253,760.675889328,132.39726,100.0
254,760.417322835,132.20036,100.0
255,759.631372549,132.53414,100.0
256,759.97265625,132.38726,100.0
257,760.120622568,132.15065,100.0
258,761.205426357,133.03587,100.0
259,761.231660232,132.77947,100.0
260,761.353846154,132.53846,100.0
261,762.019157088,132.7186,100.0
262,762.267175573,132.52566,100.0
263,761.551330798,132.78,100.0
264,762.367424242,133.18749,100.0
265,762.754716981,133.08481,100.0
266,762.402255639,132.95827,100.0
267,762.445692884,132.71094,100.0
268,762.182835821,132.53273,100.0
269,762.832713755,132.71328,100.0
270,763.974074074,133.78345,100.0
271,764.136531365,133.56306,100.0
272,764.183823529,133.31959,100.0
273,764.608058608,133.259,100.0
274,764.751824818,133.03681,100.0
275,764.890909091,132.81466,100.0
276,765.09057971,132.61518,100.0
277,764.873646209,132.42463,100.0
278,764.71942446,132.21116,100.0
279,764.964157706,132.03708,100.0
280,764.828571429,131.82055,100.0
281,765.142348754,131.69049,100.0
282,765.414893617,131.53616,100.0
283,765.720848057,131.40404,100.0
284,765.545774648,131.20555,100.0
285,765.680701754,130.9949,100.0
286,766.101398601,130.95841,100.0
287,766.334494774,130.78948,100.0
288,766.184027778,130.5871,100.0
289,767.307958478,131.74897,100.0
290,766.879310345,131.72334,100.0
291,766.4604811,131.6901,100.0
292,766.746575342,131.55497,100.0
293,766.962457338,131.38208,100.0
294,766.244897959,131.73231,100.0
295,766.603389831,131.65243,100.0
296,765.739864865,132.26406,100.0
297,765.511784512,132.0995,100.0
298,765.305369128,131.92564,100.0
299,765.434782609,131.72378,100.0
300,765.373333333,131.50835,100.0
301,764.448504983,132.26331,100.0
302,764.112582781,132.1727,100.0
303,763.501650165,132.38084,100.0
304,763.776315789,132.24938,100.0
305,764.426229508,132.51777,100.0
306,763.464052288,133.36392,100.0
307,763.045602606,133.34759,100.0
308,763.448051948,133.31756,100.0
309,762.925566343,133.41714,100.0
310,762.2,133.81101,100.0
311,761.752411576,133.82794,100.0
312,762.173076923,133.81908,100.0
313,762.702875399,133.93248,100.0
314,762.856687898,133.74673,100.0
315,762.304761905,133.89193,100.0
316,762.262658228,133.682,100.0
317,761.637223975,133.93323,100.0
318,762.462264151,134.52688,100.0
319,762.141065831,134.43793,100.0
320,762.45625,134.3457,100.0
321,763.214953271,134.82115,100.0
322,763.099378882,134.62756,100.0
323,762.907120743,134.46326,100.0
324,762.898148148,134.25569,100.0
325,762.276923077,134.51457,100.0
326,761.708588957,134.69834,100.0
327,762.287461774,134.89773,100.0
328,762.826219512,135.04382,100.0
329,762.753799392,134.84481,100.0
330,763.278787879,134.97666,100.0
331,763.359516616,134.78059,100.0
332,763.301204819,134.58164,100.0
333,762.972972973,134.51243,100.0
334,763.179640719,134.36385,100.0
335,762.274626866,135.17883,100.0
336,762.383928571,134.99234,100.0
337,762.540059347,134.82229,100.0
338,762.088757396,134.87739,100.0
339,762.595870206,135.00062,100.0
340,763.223529412,135.2964,100.0
341,763.809384164,135.52908,100.0
342,764.160818713,135.4863,100.0
343,763.935860058,135.35261,100.0
344,763.752906977,135.1982,100.0
345,763.985507246,135.07103,100.0
346,763.945086705,134.87779,100.0
347,764.155619597,134.74022,100.0
348,764.031609195,134.56632,100.0
349,764.810888252,135.15746,100.0
350,764.851428571,134.96637,100.0
351,765.142450142,134.8839,100.0
352,765.193181818,134.69552,100.0
353,765.291784703,134.51732,100.0
354,765.40960452,134.34543,100.0
355,764.907042254,134.48889,100.0
356,764.297752809,134.78962,100.0
357,764.257703081,134.60283,100.0
358,764.586592179,134.55828,100.0
359,764.314763231,134.46914,100.0
360,765.108333333,135.12143,100.0
361,765.191135734,134.9433,100.0
362,765.591160221,134.97096,100.0
363,765.892561983,134.90685,100.0
364,766.159340659,134.81726,100.0
365,765.906849315,134.71861,100.0
366,764.991803279,135.66552,100.0
367,764.716621253,135.58281,100.0
368,764.983695652,135.49511,100.0
369,764.471544715,135.6676,100.0
370,763.837837838,136.02991,100.0
371,764.522911051,136.4841,100.0
372,764.166666667,136.47314,100.0
373,764.120643432,136.29297,100.0
374,764.034759358,136.12074,100.0
375,763.658666667,136.13356,100.0
376,763.406914894,136.0398,100.0
377,763.122015915,135.97153,100.0
378,763.743386243,136.32646,100.0
379,764.416886544,136.77474,100.0
380,764.886842105,136.90071,100.0
381,764.784776903,136.73541,100.0
382,764.489528796,136.67787,100.0
383,764.46997389,136.49986,100.0
384,764.330729167,136.34925,100.0
385,764.631168831,136.29927,100.0
386,765.272020725,136.70215,100.0
387,765.552971576,136.63696,100.0
388,765.443298969,136.47782,100.0
389,765.105398458,136.4647,100.0
390,765.169230769,136.29544,100.0
391,765.135549872,136.12267,100.0
392,764.926020408,136.01205,100.0
393,764.732824427,135.89274,100.0
394,764.657360406,135.72842,100.0
395,764.556962025,135.57115,100.0
396,764.356060606,135.45873,100.0
397,763.74559194,135.83235,100.0
398,763.949748744,135.72257,100.0
399,763.779448622,135.59495,100.0
400,763.995,135.49378,100.0
401,764.289276808,135.45266,100.0
402,763.390547264,136.47592,100.0
403,763.255583127,136.33334,100.0
404,763.066831683,136.21722,100.0
405,763.009876543,136.05377,100.0
406,763.201970443,135.94109,100.0
407,763.520884521,135.92596,100.0
408,763.477941176,135.76204,100.0
409,763.437652812,135.59842,100.0
410,763.363414634,135.44127,100.0
411,763.469586375,135.29348,100.0
412,763.286407767,135.18021,100.0
413,763.757869249,135.35517,100.0
414,763.5,135.29313,100.0
415,763.836144578,135.30301,100.0
416,764.019230769,135.19174,100.0
417,763.985611511,135.03129,100.0
418,763.832535885,134.90589,100.0
419,763.718377088,134.76502,100.0
420,763.726190476,134.60458,100.0
421,763.489311164,134.53224,100.0
422,762.817535545,135.07785,100.0
423,762.822695035,134.91813,100.0
424,762.634433962,134.81455,100.0
425,762.854117647,134.73181,100.0
426,763.025821596,134.62013,100.0
427,763.011709602,134.46272,100.0
428,763.142523364,134.33274,100.0
429,763.13986014,134.1761,100.0
430,762.981395349,134.06017,100.0
431,762.835266821,133.93884,100.0
432,763.046296296,133.85545,100.0
433,763.2147806,133.74664,100.0
434,763.506912442,133.7307,100.0
435,763.459770115,133.58051,100.0
436,763.848623853,133.67349,100.0
437,764.567505721,134.36157,100.0
438,764.591324201,134.20903,100.0
439,764.630979499,134.05865,100.0
440,764.315909091,134.06885,100.0
441,764.392290249,133.92634,100.0
442,764.429864253,133.77708,100.0
443,764.284424379,133.66099,100.0
444,764.231981982,133.51495,100.0
445,764.595505618,133.58464,100.0
446,764.957399103,133.65301,100.0
447,764.460850112,133.91464,100.0
448,764.254464286,133.83625,100.0
449,764.118040089,133.71831,100.0
450,764.393333333,133.69697,100.0
451,763.962305987,133.8613,100.0
452,763.89380531,133.72106,100.0
453,764.51214128,134.21872,100.0
454,764.718061674,134.14244,100.0
455,763.973626374,134.93052,100.0
456,763.923245614,134.78677,100.0
457,763.75273523,134.68845,100.0
458,764.041484716,134.68286,100.0
459,763.897603486,134.5713,100.0
460,763.930434783,134.42678,100.0
461,763.984815618,134.28597,100.0
462,763.562770563,134.44629,100.0
463,763.410367171,134.34096,100.0
464,763.25,134.24048,100.0
465,763.062365591,134.15696,100.0
466,763.118025751,134.01831,100.0
467,762.937901499,133.9312,100.0
468,763.373931624,134.11944,100.0
469,762.92750533,134.32402,100.0
470,763.014893617,134.19439,100.0
471,763.530785563,134.51761,100.0
472,763.243644068,134.51946,100.0
473,763.66807611,134.69319,100.0
474,763.426160338,134.65386,100.0
475,763.336842105,134.5261,100.0
476,762.949579832,134.6495,100.0
477,763.050314465,134.52624,100.0
478,763.341004184,134.53533,100.0
479,763.066805846,134.52846,100.0
480,762.9875,134.39947,100.0
481,762.459459459,134.75719,100.0
482,762.524896266,134.62498,100.0
483,762.418219462,134.50593,100.0
484,762.045454545,134.61642,100.0
485,761.643298969,134.7683,100.0
486,761.495884774,134.66871,100.0
487,761.367556468,134.56012,100.0
488,761.788934426,134.74344,100.0
489,762.237218814,134.96938,100.0
490,761.904081633,135.03268,100.0
491,762.376782077,135.30032,100.0
492,762.176829268,135.23535,100.0
493,761.935091278,135.20449,100.0
494,762.307692308,135.32071,100.0
495,762.333333333,135.18516,100.0
496,761.935483871,135.33858,100.0
497,761.915492958,135.20309,100.0
498,761.815261044,135.08576,100.0
499,761.967935872,134.99334,100.0
500,762.132,134.90807,100.0
