simulation,sample_comp_mean,sample_comp_std,correctness,theta_dist
1,23.0,0.0,100.0,1.18224
2,2458.5,2435.5,100.0,1.00464
3,3611.33333333,2571.47614,100.0,1.00963
4,2858.0,2581.06577,100.0,1.08076
5,3741.0,2906.59189,100.0,1.004
6,3126.0,2988.53732,100.0,1.05327
7,2687.85714286,2967.70322,100.0,1.16909
8,2906.625,2835.73099,100.0,1.01534
9,3292.77777778,2888.0437,100.0,1.00261
10,3584.9,2876.58396,100.0,1.00267
11,3770.54545455,2804.84028,100.0,1.00656
12,3476.91666667,2856.55937,91.66667,1.01175
13,3210.92307692,2895.04326,92.30769,1.19056
14,3203.85714286,2789.84981,92.85714,1.01016
15,3234.66666667,2697.71515,93.33333,1.00265
16,3084.9375,2675.64855,93.75,1.18945
17,3062.76470588,2597.27512,94.11765,1.05706
18,3124.77777778,2537.01495,94.44444,1.00248
19,3377.26315789,2691.68427,94.73684,1.04979
20,3448.05,2641.61139,95.0,1.00947
21,3284.71428571,2679.43854,95.2381,1.14758
22,3234.81818182,2627.80079,95.45455,1.023
23,3272.69565217,2576.17321,95.65217,1.0135
24,3395.20833333,2589.47017,95.83333,1.05535
25,3260.36,2621.74737,96.0,1.02223
26,3207.73076923,2584.26731,96.15385,1.05754
27,3238.7037037,2540.87197,96.2963,1.01621
28,3365.67857143,2580.84647,96.42857,1.01249
29,3415.4137931,2549.57789,96.55172,1.00001
30,3540.53333333,2595.70053,96.66667,1.00071
31,3605.77419355,2578.37321,96.77419,1.02172
32,3759.5625,2678.32677,96.875,1.00414
33,3897.21212121,2749.97725,96.9697,1.00079
34,3835.88235294,2732.04618,97.05882,1.0276
35,3726.57142857,2767.14273,97.14286,1.5076
36,3758.33333333,2734.90235,97.22222,1.00167
37,3774.83783784,2699.508,97.2973,1.00001
38,3817.92105263,2676.61153,97.36842,1.00725
39,3820.69230769,2642.12839,97.4359,1.00914
40,3821.875,2608.9032,97.5,1.05055
41,3729.36585366,2642.47695,95.12195,1.02656
42,3722.11904762,2611.2417,95.2381,1.01617
43,3635.97674419,2640.39246,95.34884,1.17969
44,3608.45454545,2616.44731,95.45455,1.01474
45,3529.04444444,2640.28978,93.33333,1.01106
46,3533.73913043,2611.62318,93.47826,1.00188
47,3533.93617021,2583.69092,93.61702,1.0117
48,3460.8125,2605.3213,93.75,1.10099
49,3437.63265306,2583.59541,93.87755,1.01735
50,3472.74,2569.40844,94.0,1.00518
51,3405.09803922,2588.66437,94.11765,1.16587
52,3414.92307692,2564.61253,94.23077,1.0044
53,3412.90566038,2540.34451,94.33962,1.00519
54,3409.14814815,2516.86155,94.44444,1.12628
55,3435.87272727,2501.59641,94.54545,1.00102
56,3447.05357143,2480.54641,94.64286,1.00712
57,3439.0877193,2459.41348,94.73684,1.00847
58,3433.72413793,2438.45571,94.82759,1.10413
59,3453.93220339,2422.59586,94.91525,1.01127
60,3468.18333333,2404.8154,95.0,1.01745
61,3469.63934426,2385.04901,95.08197,1.05888
62,3475.12903226,2366.12506,95.16129,1.03146
63,3481.01587302,2347.72881,95.2381,1.02085
64,3472.84375,2330.21792,95.3125,1.01227
65,3457.33846154,2315.54851,95.38462,1.04868
66,3405.12121212,2336.18443,95.45455,1.44927
67,3456.28358209,2355.64417,95.52239,1.00417
68,3435.29411765,2344.56243,95.58824,1.02214
69,3468.86956522,2343.92062,95.65217,1.00275
70,3463.4,2327.56157,95.71429,1.05362
71,3451.61971831,2313.21285,95.77465,1.02297
72,3433.625,2302.09153,95.83333,1.02216
73,3408.06849315,2296.53076,95.89041,1.03042
74,3363.83783784,2312.05453,95.94595,1.04699
75,3402.92,2321.06662,96.0,1.00389
76,3389.23684211,2308.78891,96.05263,1.04858
77,3397.36363636,2294.84167,96.1039,1.00862
78,3384.02564103,2283.08565,96.15385,1.05912
79,3341.60759494,2299.31381,94.93671,1.04555
80,3390.8375,2326.41818,95.0,1.00021
81,3395.40740741,2312.37426,95.06173,1.06594
82,3354.47560976,2327.56845,93.90244,1.07936
83,3420.54216867,2389.60576,93.9759,1.00003
84,3453.08333333,2393.76856,94.04762,1.00325
85,3412.67058824,2408.29869,94.11765,1.14287
86,3426.90697674,2397.85096,94.18605,1.00021
87,3387.66666667,2411.64338,94.25287,1.32507
88,3443.01136364,2452.8385,94.31818,1.01093
89,3404.57303371,2465.52976,94.38202,1.23834
90,3418.62222222,2455.37393,94.44444,1.00103
91,3420.32967033,2441.89932,94.50549,1.00304
92,3447.76086957,2442.64883,94.56522,1.00027
93,3411.13978495,2454.74206,93.54839,1.00494
94,3411.27659574,2441.65037,93.61702,1.01488
95,3404.81052632,2429.57453,93.68421,1.02761
96,3369.57291667,2441.16878,93.75,1.18308
97,3335.46391753,2451.4399,93.81443,1.08585
98,3357.58163265,2448.60926,93.87755,1.00025
99,3343.77777778,2440.04065,93.93939,1.02142
100,3351.56,2429.04428,94.0,1.01604
101,3318.69306931,2439.23374,94.05941,1.17711
102,3328.92156863,2429.423,94.11765,1.01121
103,3338.38834951,2419.49074,94.17476,1.01192
104,3306.44230769,2429.5605,94.23077,1.27472
105,3295.80952381,2420.39361,94.28571,1.08475
106,3323.17924528,2425.22038,94.33962,1.01707
107,3331.96261682,2415.55427,94.39252,1.00179
108,3332.78703704,2404.36026,94.44444,1.01129
109,3325.77981651,2394.41328,94.49541,1.03758
110,3295.67272727,2404.14152,94.54545,1.32428
111,3316.17117117,2402.92443,94.59459,1.03649
112,3338.52678571,2403.74014,94.64286,1.04056
113,3331.74336283,2394.15703,94.69027,1.11102
114,3352.3245614,2393.65254,94.73684,1.00237
115,3356.33043478,2383.6064,94.78261,1.00617
116,3363.64655172,2374.60645,94.82759,1.00067
117,3361.65811966,2364.53377,94.87179,1.00936
118,3333.29661017,2374.39473,94.91525,1.32156
119,3331.79831933,2364.45325,94.95798,1.00728
120,3338.60833333,2355.75238,95.0,1.00548
121,3311.1322314,2365.22671,95.04132,1.27519
122,3310.10655738,2355.54024,95.08197,1.01705
123,3283.53658537,2364.23074,94.30894,1.00545
124,3278.58064516,2355.31967,94.35484,1.01309
125,3273.512,2346.55837,94.4,1.11553
126,3275.77777778,2337.36536,94.44444,1.04117
127,3250.29133858,2345.65626,94.48819,1.04629
128,3275.578125,2353.78942,94.53125,1.01045
129,3250.36434109,2361.93786,94.57364,1.10332
130,3225.56153846,2369.64029,93.84615,1.01807
131,3201.11450382,2376.97844,93.89313,1.1451
132,3219.97727273,2377.77913,93.93939,1.03519
133,3207.47368421,2373.17517,93.98496,1.08922
134,3204.91044776,2364.48825,94.02985,1.01175
135,3208.13333333,2356.01001,94.07407,1.00914
136,3213.25735294,2348.08711,94.11765,1.03834
137,3235.58394161,2353.9459,94.16058,1.01222
138,3235.85507246,2345.40375,94.2029,1.02738
139,3213.17985612,2352.08389,94.2446,1.05325
140,3209.33571429,2344.10671,94.28571,1.02261
141,3205.63829787,2336.18914,94.32624,1.01447
142,3206.1971831,2327.95805,94.3662,1.03167
143,3201.87412587,2320.37598,94.40559,1.01452
144,3222.5625,2325.5021,94.44444,1.03354
145,3216.96551724,2318.44231,94.48276,1.14925
146,3194.99315068,2325.58859,94.52055,1.71834
147,3173.43537415,2332.25693,94.55782,1.17206
148,3208.14189189,2362.14675,94.59459,1.00099
149,3186.74496644,2368.55399,94.63087,1.1679
150,3196.16,2363.44144,94.66667,1.00005
151,3192.28476821,2356.08057,94.70199,1.03287
152,3199.46710526,2349.97545,94.73684,1.12227
153,3208.18954248,2344.7505,94.77124,1.05024
154,3215.30519481,2338.78202,94.80519,1.00615
155,3225.0,2334.32774,94.83871,1.00138
156,3215.89102564,2329.59585,94.87179,1.02455
157,3219.10191083,2322.51118,94.90446,1.00432
158,3198.91139241,2328.93124,94.93671,1.09795
159,3207.47169811,2324.08822,94.96855,1.00482
160,3218.45625,2320.95075,95.0,1.00847
161,3223.77639752,2314.71004,95.03106,1.00581
162,3225.22839506,2307.62836,95.06173,1.011
163,3246.55828221,2316.50237,95.09202,1.00343
164,3240.49390244,2310.72655,95.12195,1.01695
165,3238.0969697,2303.9182,95.15152,1.10156
166,3218.79518072,2310.31062,95.18072,1.00482
167,3219.52694611,2303.40243,95.20958,1.00484
168,3209.79166667,2299.98021,95.2381,1.05036
169,3203.5739645,2294.58114,95.26627,1.02003
170,3201.63529412,2287.96123,95.29412,1.01593
171,3204.10526316,2281.48878,95.32164,1.01488
172,3207.73837209,2275.34292,95.34884,1.01539
173,3189.32947977,2281.56703,95.37572,1.05655
174,3178.96551724,2279.0817,95.4023,1.04258
175,3178.34857143,2272.57528,95.42857,1.01815
176,3160.76704545,2278.01412,94.88636,1.02338
177,3171.8700565,2276.34064,94.91525,1.00013
178,3170.71348315,2269.98957,94.94382,1.00865
179,3188.12849162,2275.53292,94.97207,1.00051
180,3170.54444444,2281.36575,95.0,1.05815
181,3188.35359116,2287.56741,95.02762,1.02157
182,3170.94505495,2293.26524,95.05495,1.25192
183,3153.79781421,2298.66058,94.53552,1.0163
184,3136.80434783,2303.90327,94.56522,1.09094
185,3139.35135135,2297.92781,94.59459,1.01309
186,3144.2688172,2292.71807,94.62366,1.05114
187,3150.44919786,2288.13262,94.65241,1.00234
188,3133.78191489,2293.39279,94.14894,1.22441
189,3151.52910053,2300.22491,94.17989,1.01577
190,3147.32105263,2294.89299,94.21053,1.01556
191,3152.70680628,2290.08112,94.24084,1.04393
192,3136.36458333,2295.24871,94.27083,1.38465
193,3124.87564767,2294.82322,94.30052,1.07787
194,3145.11340206,2306.10376,94.3299,1.00054
195,3150.71282051,2301.50488,94.35897,1.00426
196,3160.82653061,2299.96643,94.38776,1.00144
197,3155.62436548,2295.27729,94.41624,1.01973
198,3150.45454545,2290.62339,94.44444,1.02298
199,3152.84924623,2285.10926,94.47236,1.01296
200,3160.51,2281.94971,94.5,1.00914
201,3165.03482587,2277.16542,94.52736,1.00044
202,3149.47029703,2282.21489,94.05941,1.05574
203,3152.61576355,2277.02563,94.08867,1.00184
204,3137.23529412,2281.98406,94.11765,1.27531
205,3147.97560976,2281.57431,94.14634,1.03516
206,3158.34466019,2280.86662,94.17476,1.00225
207,3143.1352657,2285.79822,94.2029,1.48264
208,3150.91346154,2283.04128,94.23077,1.01233
209,3160.01435407,2281.35184,94.25837,1.02769
210,3160.41428571,2275.92091,94.28571,1.01891
211,3164.11848341,2271.15577,94.3128,1.01531
212,3172.98584906,2269.45117,94.33962,1.01337
213,3171.66197183,2264.19961,94.3662,1.01017
214,3179.28504673,2261.64133,94.39252,1.00936
215,3164.57674419,2266.61117,94.4186,1.31678
216,3159.91203704,2262.39246,94.44444,1.01934
217,3165.28571429,2258.55479,94.47005,1.02457
218,3157.56880734,2256.23422,94.49541,1.15438
219,3167.26940639,2255.62902,94.52055,1.03829
220,3152.95909091,2260.4388,94.54545,1.27578
221,3171.68778281,2272.36251,94.57014,1.00022
222,3177.88288288,2269.10854,94.59459,1.03673
223,3183.25112108,2265.42758,94.61883,1.01019
224,3187.08035714,2261.08836,94.64286,1.00347
225,3180.18666667,2258.41612,94.66667,1.02953
226,3184.6460177,2254.40665,94.69027,1.02894
227,3196.55947137,2256.5541,94.71366,1.00068
228,3195.20614035,2251.6924,94.73684,1.06134
229,3207.14847162,2253.99548,94.75983,1.00072
230,3200.05217391,2251.65236,94.78261,1.02977
231,3207.32467532,2249.47885,94.80519,1.03818
232,3219.91810345,2252.7715,94.82759,1.00002
233,3232.28755365,2255.81363,94.84979,1.04449
234,3233.63675214,2251.08257,94.87179,1.00934
235,3243.35744681,2251.20424,94.89362,1.04516
236,3247.68644068,2247.40968,94.91525,1.00081
237,3244.67510549,2243.14037,94.93671,1.06083
238,3254.02521008,2243.04632,94.95798,1.01879
239,3256.38075314,2238.64381,94.97908,1.01627
240,3243.20416667,2243.2433,94.58333,1.00019
241,3253.03319502,2243.75725,94.60581,1.0023
242,3251.98760331,2239.17542,94.6281,1.00878
243,3254.80246914,2234.99233,94.65021,1.00957
244,3261.36885246,2232.75528,94.67213,1.0364
245,3257.17959184,2229.15467,94.69388,1.03178
246,3267.54065041,2230.5228,94.71545,1.00254
247,3280.91497976,2235.86494,94.73684,1.02027
248,3276.14516129,2232.61146,94.75806,1.08837
249,3275.13654618,2228.18041,94.77912,1.02959
250,3275.672,2223.73563,94.8,1.00958
251,3285.24302789,2224.45501,94.82072,1.00274
252,3280.08333333,2221.5415,94.84127,1.02317
253,3281.11857708,2217.20766,94.86166,1.00813
254,3283.72047244,2213.22575,94.88189,1.00425
255,3290.15294118,2211.2595,94.90196,1.00287
256,3277.36328125,2216.36641,94.92188,1.26026
257,3281.43968872,2213.01155,94.94163,1.09814
258,3286.53875969,2210.23075,94.96124,1.0029
259,3289.8030888,2206.58282,94.98069,1.00653
260,3277.30769231,2211.49717,95.0,1.0284
261,3282.36015326,2208.75948,95.01916,1.00165
262,3278.04198473,2205.64379,95.03817,1.02152
263,3295.63498099,2219.78816,95.05703,1.00145
264,3283.23863636,2224.68198,95.07576,1.18379
265,3282.57358491,2220.50679,95.09434,1.06058
266,3270.33082707,2225.2716,94.73684,1.01802
267,3258.13108614,2229.9949,94.75655,1.39489
268,3259.41044776,2225.92874,94.77612,1.00304
269,3271.866171,2231.12493,94.79554,1.0202
270,3265.24444444,2229.63598,94.81481,1.03585
271,3265.19557196,2225.51861,94.83395,1.01003
272,3263.98529412,2221.51316,94.85294,1.00969
273,3261.71428571,2217.75702,94.87179,1.01185
274,3249.90145985,2222.29405,94.52555,1.00018
275,3254.66909091,2219.65323,94.54545,1.00006
276,3257.67753623,2216.19008,94.56522,1.00755
277,3245.96750903,2220.72372,94.58484,1.31601
278,3248.0323741,2216.99239,94.60432,1.0138
279,3263.35842294,2227.72022,94.62366,1.00009
280,3264.34642857,2223.79982,94.64286,1.04689
281,3252.80427046,2228.22548,94.66192,1.16158
282,3254.67730496,2224.49281,94.68085,1.00167
283,3257.13074205,2220.94131,94.69965,1.03881
284,3245.82746479,2225.16725,94.3662,1.04015
285,3234.50526316,2229.43999,94.03509,1.15551
286,3232.23776224,2225.86814,94.05594,1.02705
287,3233.20905923,2222.04765,94.07666,1.01669
288,3228.11805556,2219.86266,94.09722,1.05072
289,3217.09342561,2223.90272,94.11765,1.10183
290,3213.79310345,2220.77393,94.13793,1.11869
291,3202.82130584,2224.81443,94.15808,1.1346
292,3207.09246575,2222.19633,94.17808,1.00246
293,3211.02389078,2219.41793,94.19795,1.00875
294,3206.73469388,2216.8563,94.21769,1.15998
295,3209.17966102,2213.49276,94.23729,1.00068
296,3206.71621622,2210.15562,94.25676,1.01946
297,3206.42424242,2206.4374,94.27609,1.00743
298,3205.41946309,2202.80028,94.2953,1.02057
299,3212.80267559,2202.80391,94.31438,1.03697
300,3202.17,2206.80168,94.33333,1.2459
301,3202.20265781,2203.13292,94.35216,1.00771
302,3201.91390728,2199.48803,94.37086,1.00888
303,3208.86468647,2199.17531,94.38944,1.00042
304,3198.33552632,2203.19189,94.40789,1.58478
305,3201.30819672,2200.1877,94.42623,1.00018
306,3205.46732026,2197.7903,94.44444,1.00207
307,3212.32247557,2197.48227,94.46254,1.00357
308,3217.81818182,2196.02419,94.48052,1.00305
309,3218.51132686,2192.50162,94.49838,1.0434
310,3221.85806452,2189.75288,94.51613,1.00279
311,3220.25723473,2186.41122,94.53376,1.01663
312,3222.40064103,2183.23179,94.55128,1.0318
313,3225.91693291,2180.62612,94.56869,1.00727
314,3231.7866242,2179.62621,94.58599,1.00634
315,3230.2,2176.34535,94.60317,1.01104
316,3233.73734177,2173.80582,94.62025,1.01153
317,3242.1955836,2175.5763,94.63722,1.00967
318,3232.04402516,2179.65969,94.65409,1.32031
319,3231.80250784,2176.24487,94.67085,1.01082
320,3221.7375,2180.26551,94.6875,1.50849
321,3219.28971963,2177.30715,94.70405,1.01437
322,3220.81987578,2174.09647,94.7205,1.00621
323,3222.33436533,2170.8985,94.73684,1.00294
324,3229.15740741,2171.01164,94.75309,1.01043
325,3226.79076923,2168.08759,94.76923,1.06472
326,3216.96932515,2171.98861,94.78528,1.32933
327,3229.37308869,2180.19816,94.80122,1.00779
328,3228.17987805,2176.97908,94.81707,1.02184
329,3218.45288754,2180.79491,94.52888,1.13132
330,3222.19393939,2178.54521,94.54545,1.01043
331,3222.74018127,2175.2745,94.56193,1.00736
332,3226.24096386,2172.92965,94.57831,1.00862
333,3216.61861862,2176.73699,94.59459,1.11185
334,3218.95808383,2173.89519,94.61078,1.00116
335,3229.25970149,2178.7975,94.62687,1.00337
336,3228.22916667,2175.63459,94.64286,1.01803
337,3232.10682493,2173.56674,94.65875,1.02266
338,3222.60059172,2177.35368,94.67456,1.1314
339,3220.27433628,2174.56048,94.69027,1.01662
340,3217.95588235,2171.7798,94.70588,1.02171
341,3220.04398827,2168.93481,94.72141,1.0751
342,3216.65497076,2166.66554,94.73684,1.02082
343,3223.03498542,2166.71966,94.75219,1.00086
344,3221.1744186,2163.84245,94.76744,1.02357
345,3226.33913043,2162.8265,94.78261,1.032
346,3217.0867052,2166.52563,94.79769,1.0201
347,3210.78097983,2166.5789,94.81268,1.0898
348,3201.63218391,2170.16578,94.82759,1.07427
349,3201.76504298,2167.05584,94.84241,1.02466
350,3205.47428571,2165.06702,94.85714,1.01183
351,3203.27350427,2162.3727,94.87179,1.02041
352,3203.05113636,2159.30298,94.88636,1.05119
353,3207.94050992,2158.19271,94.90085,1.01373
354,3214.05932203,2158.2063,94.91525,1.00014
355,3211.63943662,2155.64531,94.92958,1.01763
356,3213.87359551,2153.02713,94.94382,1.05346
357,3223.45098039,2157.59026,94.95798,1.00001
358,3230.36312849,2158.52938,94.97207,1.00429
359,3225.22841226,2157.7093,94.98607,1.04353
360,3228.49722222,2155.60035,95.0,1.00178
361,3229.74238227,2152.74232,95.01385,1.09584
362,3232.60220994,2150.45346,95.02762,1.00687
363,3228.78512397,2148.71704,95.04132,1.02482
364,3235.06043956,2149.09183,95.05495,1.00528
365,3237.69863014,2146.736,95.06849,1.0826
366,3240.25136612,2144.35597,95.08197,1.00615
367,3231.46866485,2148.01418,95.09537,1.17465
368,3236.4673913,2147.23014,95.1087,1.00617
369,3227.76422764,2150.80836,95.12195,1.09264
370,3228.35945946,2147.93033,95.13514,1.0041
371,3234.45013477,2148.23061,95.14825,1.01184
372,3236.85215054,2145.84009,95.16129,1.01176
373,3228.24932976,2149.37572,95.17426,1.07691
374,3237.90909091,2154.59243,95.18717,1.02958
375,3240.088,2152.13029,95.2,1.00728
376,3231.5106383,2155.67523,95.21277,1.29678
377,3232.16976127,2152.85229,95.22546,1.00433
378,3231.4047619,2150.05402,95.2381,1.01789
379,3231.16358839,2147.22078,95.25066,1.01927
380,3231.03947368,2144.39499,95.26316,1.03401
381,3244.60104987,2157.83427,95.27559,1.00037
382,3245.32722513,2155.05464,95.28796,1.03789
383,3250.76762402,2154.86448,95.30026,1.00007
384,3257.125,2155.65026,95.3125,1.02489
385,3257.11428571,2152.8489,95.32468,1.05074
386,3260.35233161,2150.99697,95.33679,1.00005
387,3259.84496124,2148.23923,95.34884,1.04229
388,3258.8556701,2145.55736,95.36082,1.01444
389,3258.08997429,2142.85088,95.37275,1.04378
390,3257.56153846,2140.12725,95.38462,1.01596
391,3257.09462916,2137.40865,95.39642,1.04728
392,3258.44642857,2134.84797,95.40816,1.05378
393,3256.97455471,2132.3293,95.41985,1.01579
394,3254.76395939,2130.07242,95.43147,1.01588
395,3259.94177215,2129.85562,95.44304,1.0198
396,3260.61363636,2127.20662,95.45455,1.06698
397,3258.18387909,2125.07597,95.46599,1.03258
398,3250.04020101,2128.59816,95.47739,1.42305
399,3255.98997494,2129.24013,95.48872,1.00232
400,3256.4425,2126.59612,95.5,1.0246
401,3256.34413965,2123.94376,95.51122,1.00646
402,3255.02736318,2121.46427,95.52239,1.01988
403,3256.81885856,2119.13499,95.5335,1.01121
404,3248.81435644,2122.60181,95.54455,1.14103
405,3248.26419753,2120.00854,95.55556,1.08671
406,3240.30788177,2123.44151,95.5665,1.24446
407,3244.43980344,2122.46479,95.5774,1.00097
408,3247.72058824,2120.89515,95.58824,1.00453
409,3251.15158924,2119.43414,95.59902,1.01027
410,3260.12439024,2124.6115,95.60976,1.00521
411,3260.45985401,2122.03611,95.62044,1.00708
412,3257.96116505,2120.06453,95.63107,1.07156
413,3266.51331719,2124.59973,95.64165,1.00022
414,3264.47342995,2122.43713,95.65217,1.01738
415,3265.2,2119.92999,95.66265,1.00357
416,3271.83894231,2121.6954,95.67308,1.01185
417,3264.06714628,2125.0701,95.68345,1.0103
418,3266.78708134,2123.25323,95.69378,1.00194
419,3271.38663484,2122.80192,95.70406,1.00423
420,3274.32857143,2121.12828,95.71429,1.00176
421,3281.72209026,2124.01912,95.72447,1.00339
422,3286.72511848,2123.98312,95.7346,1.005
423,3287.28841608,2121.50258,95.74468,1.09485
424,3286.97169811,2119.00934,95.75472,1.01358
425,3290.62352941,2117.85028,95.76471,1.01087
426,3282.96713615,2121.24365,95.53991,1.01742
427,3284.16159251,2118.90172,95.55035,1.00224
428,3283.44626168,2116.47654,95.56075,1.017
429,3275.83216783,2119.86895,95.5711,1.29022
430,3271.45116279,2119.34599,95.5814,1.05481
431,3263.92807425,2122.62636,95.59165,1.06214
432,3261.86574074,2120.60046,95.60185,1.03418
433,3260.70207852,2118.2884,95.61201,1.02436
434,3262.0437788,2116.03076,95.62212,1.01616
435,3258.17011494,2115.13715,95.63218,1.02958
436,3254.56422018,2114.0483,95.6422,1.11039
437,3260.9771167,2115.86951,95.65217,1.00139
438,3253.61643836,2119.04673,95.43379,1.03986
439,3255.15261959,2116.87601,95.44419,1.01976
440,3253.55681818,2114.73344,95.45455,1.02262
441,3246.24263039,2117.89885,95.46485,1.22224
442,3250.39819005,2117.30084,95.47511,1.01218
443,3253.19187359,2115.72516,95.48533,1.05919
444,3245.90315315,2118.90203,95.4955,1.18643
445,3246.36629213,2116.5424,95.50562,1.01248
446,3246.9103139,2114.19941,95.5157,1.04106
447,3244.6689038,2112.36364,95.52573,1.01981
448,3244.66517857,2110.00478,95.53571,1.05349
449,3237.48552339,2113.12512,95.32294,1.0899
450,3230.48666667,2115.97938,95.33333,1.35707
451,3223.34368071,2119.05665,95.34368,1.69101
452,3227.62389381,2118.66208,95.35398,1.00634
453,3228.87417219,2116.48923,95.36424,1.05182
454,3228.04405286,2114.23084,95.37445,1.02221
455,3234.71208791,2116.67994,95.38462,1.00017
456,3227.65789474,2119.70522,95.39474,1.1552
457,3230.40700219,2118.19844,95.40481,1.05123
458,3223.46069869,2121.0891,95.19651,1.10221
459,3228.31154684,2121.31899,95.20697,1.00172
460,3230.71521739,2119.63761,95.21739,1.00334
461,3223.76138829,2122.58365,95.22777,1.36223
462,3231.11904762,2126.16222,95.2381,1.00343
463,3230.48596112,2123.9085,95.24838,1.04784
464,3234.79310345,2123.64185,95.25862,1.01379
465,3238.21290323,2122.63576,95.26882,1.01218
466,3240.8111588,2121.09715,95.27897,1.0101
467,3233.89721627,2124.07514,95.28908,1.61623
468,3237.26923077,2123.05554,95.29915,1.00607
469,3239.31343284,2121.25197,95.30917,1.01035
470,3232.49574468,2124.13172,95.31915,1.00564
471,3228.66242038,2123.5024,95.32909,1.03949
472,3234.50635593,2125.03984,95.33898,1.01658
473,3235.25581395,2122.85476,95.34884,1.01412
474,3235.66244726,2120.63272,95.35865,1.00829
475,3242.29263158,2123.31164,95.36842,1.02923
476,3247.63445378,2124.2728,95.37815,1.00468
477,3249.99371069,2122.66911,95.38784,1.02333
478,3253.34309623,2121.70901,95.39749,1.003
479,3256.05636743,2120.3231,95.4071,1.03974
480,3255.82708333,2118.11922,95.41667,1.00866
481,3255.83160083,2115.91629,95.4262,1.00651
482,3258.84439834,2114.75275,95.43568,1.0012
483,3264.30227743,2115.95795,95.44513,1.01018
484,3265.27479339,2113.87896,95.45455,1.01216
485,3258.5814433,2116.82653,95.46392,1.12627
486,3251.94444444,2119.69305,95.47325,1.12594
487,3251.85010267,2117.51668,95.48255,1.01815
488,3245.34221311,2120.21563,95.4918,1.18806
489,3251.39877301,2122.26818,95.50102,1.00385
490,3254.63469388,2121.30874,95.5102,1.05891
491,3259.61099796,2122.0085,95.51935,1.00854
492,3258.6504065,2119.95775,95.52846,1.01799
493,3260.00811359,2118.02071,95.53753,1.00782
494,3268.90283401,2125.07292,95.54656,1.04738
495,3266.48484848,2123.60544,95.55556,1.03469
496,3268.42741935,2121.90383,95.56452,1.01103
497,3267.06036217,2119.98667,95.57344,1.0238
498,3269.1626506,2118.37562,95.58233,1.0121
499,3269.85971944,2116.30911,95.59118,1.00276
500,3263.374,2119.15005,95.6,1.08381
