simulation,sample_comp_mean,sample_comp_std,correctness,theta_dist
1,3015.0,0.0,100.0,1.03522
2,3362.5,347.5,100.0,1.02861
3,4862.0,2139.51038,100.0,1.00007
4,6547.75,3458.09018,100.0,1.0004
5,5880.0,3369.01624,100.0,1.03639
6,5840.33333333,3076.75574,100.0,1.00744
7,5647.0,2887.61943,100.0,1.01356
8,5819.5,2739.40623,100.0,1.00409
9,5597.55555556,2657.93245,100.0,1.01919
10,5872.8,2653.29606,100.0,1.01008
11,5739.18181818,2564.86256,100.0,1.01498
12,5531.66666667,2550.29369,100.0,1.02475
13,5462.46153846,2461.94284,100.0,1.01259
14,6100.57142857,3304.78704,100.0,1.00022
15,6219.13333333,3223.39984,100.0,1.00144
16,6104.4375,3152.49732,100.0,1.0153
17,6071.23529412,3061.25387,100.0,1.0194
18,6150.88888889,2993.07679,100.0,1.00558
19,6243.47368421,2939.60936,100.0,1.00021
20,6335.6,2893.18094,100.0,1.01388
21,6500.23809524,2917.8785,100.0,1.00065
22,6488.40909091,2851.30719,100.0,1.01327
23,6382.2173913,2832.76603,100.0,1.02451
24,6361.91666667,2774.83068,100.0,1.00555
25,6208.76,2820.40158,100.0,1.04044
26,6240.5,2770.18088,100.0,1.00433
27,6238.92592593,2718.40908,100.0,1.00737
28,6285.85714286,2680.54041,100.0,1.00353
29,6248.72413793,2641.23761,100.0,1.0089
30,6136.4,2666.36136,100.0,1.0299
31,6216.25806452,2659.22245,100.0,1.00835
32,6160.28125,2635.83314,100.0,1.01499
33,6297.78787879,2709.63851,100.0,1.01983
34,6296.91176471,2669.49824,100.0,1.00407
35,6264.31428571,2637.94291,100.0,1.0093
36,6323.58333333,2624.57484,100.0,1.00068
37,6352.91891892,2594.84124,100.0,1.00334
38,6521.71052632,2758.65257,100.0,1.0093
39,6543.79487179,2726.45647,100.0,1.01544
40,6622.2,2736.32472,100.0,1.00899
41,6620.6097561,2702.76762,100.0,1.00501
42,6700.28571429,2718.69527,100.0,1.00081
43,6713.20930233,2688.20163,100.0,1.00175
44,6667.0,2674.6979,100.0,1.01232
45,6651.4,2646.83561,100.0,1.01041
46,6641.86956522,2618.6881,100.0,1.00833
47,6725.10638298,2651.47647,100.0,1.0061
48,6732.72916667,2624.23195,100.0,1.01052
49,6770.10204082,2610.19036,100.0,1.01021
50,6734.6,2595.87966,100.0,1.02522
51,6769.8627451,2582.37004,100.0,1.00262
52,6694.19230769,2613.88959,100.0,1.03349
53,6765.30188679,2639.40277,100.0,1.00009
54,6777.07407407,2616.25375,100.0,1.00236
55,6734.10909091,2611.51614,100.0,1.01917
56,6747.07142857,2589.87871,100.0,1.00304
57,6858.21052632,2698.42605,100.0,1.00039
58,6875.27586207,2678.16352,100.0,1.01249
59,6935.08474576,2694.15348,100.0,1.00002
60,6949.36666667,2673.8592,100.0,1.0046
61,6957.36065574,2652.57459,100.0,1.00005
62,6951.56451613,2631.48531,100.0,1.00319
63,6959.6031746,2611.28422,100.0,1.0072
64,6945.703125,2593.15132,100.0,1.015
65,6939.23076923,2573.6476,100.0,1.00287
66,6935.71212121,2554.23339,100.0,1.008
67,6944.6119403,2536.13113,100.0,1.00162
68,6927.22058824,2521.43575,100.0,1.01405
69,6964.10144928,2521.5059,100.0,1.00104
70,6971.44285714,2504.173,100.0,1.00451
71,6942.53521127,2498.21051,100.0,1.0111
72,6908.15277778,2497.66034,100.0,1.01378
73,6975.75342466,2545.95364,100.0,1.00428
74,6933.47297297,2554.36576,100.0,1.02322
75,6956.73333333,2545.15709,100.0,1.00523
76,6935.32894737,2535.14322,100.0,1.01118
77,6984.7012987,2555.14071,100.0,1.01246
78,6951.57692308,2555.29421,100.0,1.01826
79,6940.26582278,2541.03436,100.0,1.00793
80,6999.95,2580.22456,100.0,1.00278
81,6983.12345679,2568.66061,100.0,1.00675
82,6984.40243902,2552.97595,100.0,1.01007
83,6974.92771084,2539.00001,100.0,1.00931
84,6982.76190476,2524.85065,100.0,1.01493
85,7006.81176471,2519.61457,100.0,1.00024
86,6979.81395349,2517.25908,100.0,1.024
87,6957.73563218,2511.11126,100.0,1.01269
88,6957.56818182,2496.80331,100.0,1.00612
89,6922.17977528,2504.8328,100.0,1.01983
90,6972.78888889,2536.22324,100.0,1.0052
91,6939.87912088,2541.49897,100.0,1.02527
92,6964.86956522,2538.86583,100.0,1.00803
93,6994.49462366,2541.11645,100.0,1.00023
94,6986.63829787,2528.69899,100.0,1.00719
95,6955.71578947,2533.15868,100.0,1.03122
96,6948.0625,2521.03445,100.0,1.00424
97,6978.81443299,2526.04004,100.0,1.00437
98,6968.06122449,2515.34959,100.0,1.01866
99,6944.58585859,2513.38054,100.0,1.0174
100,6965.81,2509.68262,100.0,1.00634
101,6970.92079208,2497.75047,100.0,1.00123
102,6948.96078431,2495.25541,100.0,1.01242
103,6934.67961165,2487.29836,100.0,1.00988
104,6962.44230769,2491.29587,100.0,1.00158
105,6940.11428571,2489.83801,100.0,1.01311
106,6939.71698113,2478.069,100.0,1.02704
107,6968.4953271,2484.19475,100.0,1.00503
108,7010.85185185,2511.18471,100.0,1.00104
109,7016.06422018,2500.22583,100.0,1.00331
110,7024.44545455,2490.37296,100.0,1.00423
111,7026.1981982,2479.19784,100.0,1.00116
112,7024.64285714,2468.15957,100.0,1.00215
113,6999.85840708,2471.1738,100.0,1.0243
114,7020.72807018,2470.29325,100.0,1.00249
115,7025.32173913,2460.01839,100.0,1.00639
116,7030.84482759,2450.1079,100.0,1.0015
117,7016.24786325,2444.67525,100.0,1.02037
118,7011.96610169,2434.73496,100.0,1.00313
119,6985.01680672,2442.09315,100.0,1.02631
120,6969.825,2437.53658,100.0,1.00992
121,7029.56198347,2514.10053,100.0,1.00134
122,7022.63114754,2504.93609,100.0,1.00422
123,7054.83739837,2519.96718,100.0,1.00205
124,7074.19354839,2518.94943,100.0,1.00023
125,7041.56,2535.03432,100.0,1.0332
126,7055.05555556,2529.45886,100.0,1.00033
127,7066.59055118,2522.80557,100.0,1.00005
128,7053.7578125,2517.08942,100.0,1.00839
129,7037.7751938,2513.82612,100.0,1.01799
130,7037.12307692,2504.14985,100.0,1.00778
131,7064.35114504,2513.81698,100.0,1.00135
132,7083.9469697,2514.3003,100.0,1.00025
133,7056.29323308,2524.89973,100.0,1.02311
134,7052.2761194,2515.88739,100.0,1.00887
135,7040.08888889,2510.51899,100.0,1.02887
136,7036.69852941,2501.58229,100.0,1.00329
137,7051.60583942,2498.49129,100.0,1.0082
138,7086.60144928,2522.89644,100.0,1.0
139,7063.6618705,2528.20766,100.0,1.01879
140,7052.85714286,2522.38086,100.0,1.00874
141,7041.36879433,2517.09341,100.0,1.00775
142,7033.0,2510.18254,100.0,1.00741
143,7014.02797203,2511.58606,100.0,1.02175
144,7029.31944444,2509.52109,100.0,1.0
145,7011.0,2510.49604,100.0,1.02073
146,7006.41780822,2502.49205,100.0,1.01567
147,6966.44897959,2540.2954,100.0,1.09286
148,6978.36486486,2535.81761,100.0,1.00826
149,6958.53020134,2538.78698,100.0,1.02232
150,6985.71333333,2551.9736,100.0,1.00782
151,6979.20529801,2544.75791,100.0,1.02276
152,6975.77631579,2536.72315,100.0,1.00878
153,6993.22222222,2537.55166,100.0,1.00083
154,6990.09090909,2529.59598,100.0,1.0176
155,6987.03225806,2521.70847,100.0,1.02168
156,6999.32051282,2518.26446,100.0,1.00053
157,6997.31210191,2510.35704,100.0,1.00718
158,6993.21518987,2502.92674,100.0,1.00419
159,6978.60377358,2501.79415,100.0,1.01213
160,6970.84375,2495.88261,100.0,1.01221
161,6976.58385093,2489.17852,100.0,1.00013
162,6951.22839506,2502.25288,100.0,1.04609
163,6950.42944785,2494.58618,100.0,1.01568
164,6976.54878049,2509.2264,100.0,1.00376
165,6959.83636364,2510.74973,100.0,1.02553
166,6948.63855422,2507.30506,100.0,1.01047
167,6946.08982036,2500.00256,100.0,1.00991
168,6938.80357143,2494.32882,100.0,1.00933
169,6926.56804734,2491.98968,100.0,1.01117
170,6926.61764706,2484.64957,100.0,1.00548
171,6926.91812865,2477.37696,100.0,1.02041
172,6913.34302326,2476.53519,100.0,1.01812
173,6906.69364162,2470.90656,100.0,1.02015
174,6898.70114943,2466.03773,100.0,1.00864
175,6895.18857143,2459.4183,100.0,1.00393
176,6924.38068182,2482.64011,100.0,1.01592
177,6930.21468927,2476.82663,100.0,1.00147
178,6946.75842697,2479.64711,100.0,1.001
179,6952.20111732,2473.777,100.0,1.00871
180,6952.1,2466.8962,100.0,1.00251
181,6958.39779006,2461.52272,100.0,1.01337
182,6946.60989011,2459.86852,100.0,1.01328
183,6931.36612022,2461.74321,100.0,1.02698
184,6925.93478261,2456.14378,100.0,1.01821
185,6925.52972973,2449.50272,100.0,1.00351
186,6949.58602151,2464.72425,100.0,1.00783
187,6949.02139037,2458.1373,100.0,1.01496
188,6963.36170213,2459.42146,100.0,1.00034
189,6982.66137566,2467.13917,100.0,1.00153
190,6978.98421053,2461.15736,100.0,1.02716
191,6958.2460733,2471.29427,100.0,1.051
192,6954.82291667,2465.30417,100.0,1.00562
193,6942.0984456,2465.2223,100.0,1.01361
194,6947.80412371,2460.13773,100.0,1.0071
195,6949.40512821,2453.9229,100.0,1.0029
196,6952.14285714,2447.95343,100.0,1.00195
197,6964.33502538,2447.69127,100.0,1.01507
198,6966.34343434,2441.66514,100.0,1.00039
199,6959.00502513,2437.7106,100.0,1.00752
200,6955.975,2431.98434,100.0,1.01711
201,6959.07462687,2426.32309,100.0,1.01218
202,6959.9950495,2420.34507,100.0,1.01035
203,6958.10837438,2414.52517,100.0,1.00385
204,6961.54411765,2409.09733,100.0,1.00232
205,6959.86341463,2403.33419,100.0,1.00255
206,6969.18932039,2401.20922,100.0,1.00507
207,6983.91304348,2404.70578,100.0,1.00607
208,6990.62980769,2400.86394,100.0,1.00056
209,6996.23444976,2396.47694,100.0,1.00081
210,7018.35238095,2412.05245,100.0,1.00004
211,7013.61611374,2407.30853,100.0,1.00746
212,7010.81132075,2401.96976,100.0,1.00429
213,7011.53051643,2396.34758,100.0,1.00442
214,7004.93457944,2392.67936,100.0,1.00966
215,7006.19069767,2387.17923,100.0,1.00233
216,7017.64814815,2387.56485,100.0,1.00024
217,7030.11059908,2389.08853,100.0,1.00463
218,7048.7293578,2399.33043,100.0,1.00416
219,7056.65753425,2396.70658,100.0,1.00061
220,7050.88181818,2392.78039,100.0,1.02184
221,7058.3800905,2389.9499,100.0,1.00002
222,7061.37837838,2384.9776,100.0,1.00112
223,7048.47982063,2387.37213,100.0,1.01606
224,7044.14732143,2382.91567,100.0,1.00508
225,7033.90222222,2382.55362,100.0,1.01194
226,7032.84513274,2377.32952,100.0,1.01246
227,7053.17180617,2391.68885,100.0,1.00035
228,7048.53070175,2387.46238,100.0,1.01735
229,7049.37991266,2382.27839,100.0,1.01076
230,7042.85217391,2379.1455,100.0,1.01248
231,7030.18614719,2381.74898,100.0,1.01721
232,7016.94827586,2385.11164,100.0,1.01811
233,7021.06437768,2380.81349,100.0,1.00053
234,7012.00854701,2379.73893,100.0,1.01079
235,7002.20425532,2379.40158,100.0,1.01364
236,7032.34322034,2418.88945,100.0,1.00881
237,7044.31223629,2420.77406,100.0,1.0038
238,7041.04201681,2416.20759,100.0,1.02137
239,7040.60251046,2411.157,100.0,1.00171
240,7040.3,2406.13306,100.0,1.00135
241,7056.99585062,2415.02669,100.0,1.00049
242,7047.95454545,2414.11555,100.0,1.01116
243,7039.10699588,2413.0715,100.0,1.01516
244,7058.60655738,2427.23016,100.0,1.00172
245,7046.70612245,2429.39394,100.0,1.02154
246,7052.43495935,2426.10882,100.0,1.00187
247,7047.27125506,2422.54687,100.0,1.00611
248,7068.53225806,2440.63938,100.0,1.0001
249,7058.76305221,2440.58732,100.0,1.01396
250,7061.364,2436.04702,100.0,1.00322
251,7080.41035857,2449.77005,100.0,1.00223
252,7078.8531746,2445.02903,100.0,1.00267
253,7084.33596838,2441.74389,100.0,1.00122
254,7080.6496063,2437.63787,100.0,1.01451
255,7072.40784314,2436.39683,100.0,1.01904
256,7071.14453125,2431.71727,100.0,1.01589
257,7070.35019455,2427.01496,100.0,1.00575
258,7063.82945736,2424.56146,100.0,1.00959
259,7064.08880309,2419.8799,100.0,1.0201
260,7063.92307692,2415.22327,100.0,1.0011
261,7065.06896552,2410.66278,100.0,1.00733
262,7049.18320611,2419.70655,100.0,1.0418
263,7041.48288973,2418.3161,100.0,1.01065
264,7051.66287879,2419.3709,100.0,1.00203
265,7056.78113208,2416.23329,100.0,1.01903
266,7074.21052632,2428.31998,100.0,1.00222
267,7072.00374532,2424.03551,100.0,1.0029
268,7065.45895522,2421.87112,100.0,1.00879
269,7065.50557621,2417.36543,100.0,1.00283
270,7070.3962963,2414.21762,100.0,1.00869
271,7062.91881919,2412.88954,100.0,1.01167
272,7085.43014706,2436.79366,100.0,1.00141
273,7088.14652015,2432.73911,100.0,1.00071
274,7088.11678832,2428.29579,100.0,1.00304
275,7092.29090909,2424.86127,100.0,1.01007
276,7088.71376812,2421.19121,100.0,1.00592
277,7090.04693141,2416.91836,100.0,1.00229
278,7093.58633094,2413.28653,100.0,1.00472
279,7089.65949821,2409.84735,100.0,1.00575
280,7076.39285714,2415.7253,100.0,1.0252
281,7091.93594306,2425.40832,100.0,1.00061
282,7080.87588652,2428.19243,100.0,1.03963
283,7092.84805654,2432.22203,100.0,1.00032
284,7080.81338028,2436.36244,100.0,1.03354
285,7081.47017544,2432.10955,100.0,1.00303
286,7092.75524476,2435.31724,100.0,1.00371
287,7089.95818815,2431.53097,100.0,1.00383
288,7087.75694444,2427.59234,100.0,1.00391
289,7088.73702422,2423.44579,100.0,1.00058
290,7089.18275862,2419.27569,100.0,1.00037
291,7087.90378007,2415.21349,100.0,1.00433
292,7096.21917808,2415.24341,100.0,1.00025
293,7086.32764505,2417.03569,100.0,1.02263
294,7093.26870748,2415.84495,100.0,1.00634
295,7094.17288136,2411.79665,100.0,1.00073
296,7090.36148649,2408.60898,100.0,1.00658
297,7098.35353535,2408.47883,100.0,1.00017
298,7099.0033557,2404.46044,100.0,1.00146
299,7091.17725753,2404.23501,100.0,1.01197
300,7103.31666667,2409.38589,100.0,1.00156
301,7104.49501661,2405.46684,100.0,1.01028
302,7101.27483444,2402.13075,100.0,1.00586
303,7094.81848185,2400.78678,100.0,1.01665
304,7082.69407895,2406.10863,100.0,1.02852
305,7074.99344262,2405.9103,100.0,1.01342
306,7085.95751634,2409.59589,100.0,1.00184
307,7081.84690554,2406.74268,100.0,1.02108
308,7078.79220779,2403.42848,100.0,1.00509
309,7079.47249191,2399.56599,100.0,1.00653
310,7067.94193548,2404.25159,100.0,1.02105
311,7064.06752412,2401.35223,100.0,1.0057
312,7062.76923077,2397.61015,100.0,1.01419
313,7071.57188498,2398.82145,100.0,1.00273
314,7079.7388535,2399.3531,100.0,1.0017
315,7075.56507937,2396.68301,100.0,1.013
316,7067.50632911,2397.15856,100.0,1.02124
317,7069.13880126,2393.55049,100.0,1.01383
318,7060.92138365,2394.25848,100.0,1.0139
319,7055.72727273,2392.29655,100.0,1.00821
320,7051.828125,2389.57068,100.0,1.00855
321,7052.48598131,2385.87472,100.0,1.00147
322,7055.45652174,2382.76152,100.0,1.00744
323,7054.14551084,2379.18649,100.0,1.01173
324,7056.30246914,2375.82835,100.0,1.005
325,7062.25846154,2374.59175,100.0,1.00123
326,7076.96625767,2385.72697,100.0,1.00715
327,7078.59633028,2382.25809,100.0,1.0039
328,7066.06402439,2389.39522,100.0,1.03493
329,7061.95744681,2386.92012,100.0,1.0072
330,7076.93636364,2398.73715,100.0,1.00006
331,7075.24471299,2395.30807,100.0,1.01103
332,7072.7439759,2392.13066,100.0,1.02388
333,7082.07207207,2394.57585,100.0,1.00007
334,7075.30239521,2394.17768,100.0,1.01738
335,7078.09552239,2391.14654,100.0,1.00382
336,7074.18452381,2388.65847,100.0,1.0075
337,7069.06231454,2386.95917,100.0,1.01075
338,7066.56508876,2383.86638,100.0,1.01533
339,7066.62241888,2380.34799,100.0,1.01684
340,7072.25,2379.10229,100.0,1.00002
341,7087.63929619,2392.499,100.0,1.00002
342,7097.59649123,2396.0641,100.0,1.0003
343,7102.36151603,2394.19098,100.0,1.00046
344,7118.71802326,2409.82403,100.0,1.00417
345,7114.2173913,2407.7764,100.0,1.00799
346,7111.76589595,2404.72558,100.0,1.01225
347,7109.44092219,2401.64747,100.0,1.01728
348,7111.98850575,2398.66384,100.0,1.00755
349,7119.6991404,2399.54,100.0,1.0
350,7125.32,2398.40942,100.0,1.00345
351,7122.76353276,2395.46794,100.0,1.01412
352,7113.29261364,2398.63479,100.0,1.03202
353,7122.17563739,2401.02599,100.0,1.00963
354,7134.15536723,2408.17381,100.0,1.01269
355,7131.33521127,2405.36494,100.0,1.00645
356,7134.36516854,2402.66257,100.0,1.00016
357,7147.57703081,2412.21022,100.0,1.00241
358,7140.12849162,2412.94659,100.0,1.01869
359,7150.83008357,2418.07625,100.0,1.00028
360,7145.16944444,2417.09623,100.0,1.01199
361,7142.4099723,2414.31391,100.0,1.00434
362,7137.39779006,2412.85697,100.0,1.03181
363,7134.92561983,2409.99023,100.0,1.00605
364,7127.29395604,2411.06588,100.0,1.03719
365,7133.17260274,2410.37161,100.0,1.00452
366,7125.59016393,2411.4316,100.0,1.02206
367,7125.73297003,2408.14558,100.0,1.01622
368,7125.07880435,2404.90407,100.0,1.0017
369,7133.10298103,2406.57111,100.0,1.00026
370,7129.22972973,2404.46821,100.0,1.00649
371,7138.60107817,2407.98216,100.0,1.00293
372,7137.47043011,2404.84206,100.0,1.01475
373,7136.44235925,2401.6981,100.0,1.00232
374,7136.05347594,2398.49688,100.0,1.0175
375,7140.24,2396.66469,100.0,1.00405
376,7140.70744681,2393.49263,100.0,1.00353
377,7159.49602122,2417.92125,100.0,1.00126
378,7158.84920635,2414.75348,100.0,1.02458
379,7153.26649077,2414.00706,100.0,1.01279
380,7156.35789474,2411.57972,100.0,1.0002
381,7146.71391076,2415.73898,100.0,1.04194
382,7149.62565445,2413.24431,100.0,1.00352
383,7147.15665796,2410.57486,100.0,1.00447
384,7143.89583333,2408.2797,100.0,1.00591
385,7149.96363636,2408.08739,100.0,1.00987
386,7144.45854922,2407.39063,100.0,1.04225
387,7157.76485788,2418.44959,100.0,1.00042
388,7156.56185567,2415.44696,100.0,1.00852
389,7160.68380463,2413.70626,100.0,1.00001
390,7153.37179487,2414.91979,100.0,1.01551
391,7154.03324808,2411.86505,100.0,1.00265
392,7150.08673469,2410.05048,100.0,1.00702
393,7141.4605598,2413.03396,100.0,1.02338
394,7135.85532995,2412.53019,100.0,1.01288
395,7131.15189873,2411.28247,100.0,1.01236
396,7121.41414141,2416.00001,100.0,1.03255
397,7121.7884131,2412.96676,100.0,1.01013
398,7124.51256281,2410.54466,100.0,1.00224
399,7129.4235589,2409.51474,100.0,1.00019
400,7122.9,2410.02635,100.0,1.01387
401,7110.24937656,2420.28056,100.0,1.05851
402,7114.33333333,2418.6514,100.0,1.00063
403,7113.62034739,2415.69103,100.0,1.00367
404,7107.29950495,2416.03389,100.0,1.01416
405,7116.40987654,2419.98728,100.0,1.0071
406,7123.31773399,2420.99978,100.0,1.00397
407,7145.72972973,2459.83163,100.0,1.0021
408,7144.57843137,2456.92507,100.0,1.0048
409,7137.27139364,2458.35432,100.0,1.02028
410,7138.89512195,2455.57407,100.0,1.0
411,7137.30656934,2452.79585,100.0,1.00296
412,7136.59708738,2449.85957,100.0,1.00198
413,7132.6779661,2448.1846,100.0,1.00804
414,7135.50483092,2445.90083,100.0,1.00031
415,7129.6626506,2445.84252,100.0,1.01567
416,7147.0625,2468.48307,100.0,1.00215
417,7146.69064748,2465.53315,100.0,1.00142
418,7139.06937799,2467.49507,100.0,1.02049
419,7136.2601432,2465.21796,100.0,1.0053
420,7132.91666667,2463.23238,100.0,1.01322
421,7128.90973872,2461.67523,100.0,1.00942
422,7136.08767773,2463.16386,100.0,1.0011
423,7127.86761229,2466.03879,100.0,1.03584
424,7126.39622642,2463.3149,100.0,1.00326
425,7122.61411765,2461.64739,100.0,1.00757
426,7130.76056338,2464.48537,100.0,1.00483
427,7128.35128806,2462.10009,100.0,1.00475
428,7121.44859813,2463.35518,100.0,1.01581
429,7119.5011655,2460.81229,100.0,1.00385
430,7116.52325581,2458.72298,100.0,1.00853
431,7114.93271462,2456.09044,100.0,1.00687
432,7112.58101852,2453.73186,100.0,1.00484
433,7120.27482679,2456.10816,100.0,1.00789
434,7117.83870968,2453.80059,100.0,1.00469
435,7111.44827586,2454.59145,100.0,1.02377
436,7119.56192661,2457.60797,100.0,1.00171
437,7119.79176201,2454.79914,100.0,1.00678
438,7116.65296804,2452.87303,100.0,1.0071
439,7117.37585421,2450.12444,100.0,1.0008
440,7115.21136364,2447.75878,100.0,1.02511
441,7112.23129252,2445.78094,100.0,1.0069
442,7109.57918552,2443.64741,100.0,1.00573
443,7105.8261851,2442.16272,100.0,1.01092
444,7108.33783784,2439.98373,100.0,1.0096
445,7097.33932584,2448.23434,100.0,1.05721
446,7093.80717489,2446.623,100.0,1.00753
447,7096.04026846,2444.33974,100.0,1.00093
448,7091.21651786,2443.73918,100.0,1.01241
449,7084.08908686,2445.6736,100.0,1.01725
450,7079.88666667,2444.57707,100.0,1.01582
451,7080.4345898,2441.89305,100.0,1.01146
452,7073.20132743,2444.02248,100.0,1.01913
453,7086.61147903,2457.91458,100.0,1.00255
454,7085.59251101,2455.30191,100.0,1.00931
455,7093.04395604,2457.73594,100.0,1.00692
456,7095.45175439,2455.57675,100.0,1.0
457,7102.84901532,2457.96965,100.0,1.00697
458,7100.27510917,2455.90128,100.0,1.0075
459,7095.85620915,2455.04662,100.0,1.03272
460,7110.24565217,2471.67755,100.0,1.00187
461,7106.26898048,2470.46803,100.0,1.00868
462,7115.32683983,2475.44431,100.0,1.00028
463,7113.49460043,2473.08319,100.0,1.00633
464,7119.29094828,2473.56319,100.0,1.01154
465,7111.03225806,2477.29779,100.0,1.03678
466,7109.18454936,2474.95905,100.0,1.00541
467,7106.17773019,2473.15969,100.0,1.0068
468,7103.99786325,2470.96509,100.0,1.01581
469,7100.53091684,2469.46861,100.0,1.01352
470,7107.87021277,2471.95529,100.0,1.00176
471,7112.94055202,2471.77513,100.0,1.00049
472,7119.24152542,2472.93911,100.0,1.0069
473,7113.90909091,2473.03863,100.0,1.01278
474,7114.73206751,2470.4934,100.0,1.0
475,7116.94947368,2468.36365,100.0,1.0059
476,7114.75,2466.23539,100.0,1.02446
477,7124.80293501,2473.39262,100.0,1.00173
478,7121.51046025,2471.85021,100.0,1.00724
479,7117.54697286,2470.78867,100.0,1.01028
480,7122.59791667,2470.68788,100.0,1.00003
481,7128.51143451,2471.51637,100.0,1.00443
482,7127.37966805,2469.076,100.0,1.00872
483,7126.45548654,2466.60215,100.0,1.01388
484,7125.31404959,2464.18038,100.0,1.00924
485,7122.38350515,2462.48281,100.0,1.00659
486,7124.08436214,2460.23325,100.0,1.00026
487,7117.25667351,2462.31092,100.0,1.02166
488,7116.52663934,2459.83952,100.0,1.00198
489,7114.85480573,2457.60058,100.0,1.01198
490,7117.71020408,2455.90338,100.0,1.00029
491,7116.06313646,2453.67208,100.0,1.01222
492,7116.47357724,2451.19412,100.0,1.0007
493,7123.17849899,2453.21903,100.0,1.0
494,7126.56477733,2451.88785,100.0,1.00524
495,7133.72929293,2454.58066,100.0,1.00179
496,7133.49193548,2452.11072,100.0,1.00169
497,7128.92555332,2451.75269,100.0,1.01123
498,7127.28514056,2449.56285,100.0,1.00491
499,7126.1002004,2447.25002,100.0,1.01986
500,7138.32,2459.99329,100.0,1.00385
