simulation,sample_comp_mean,sample_comp_std,correctness
1,196775.0,0.0,100.0
2,187729.0,9046.0,100.0
3,158221.666667,42378.28278,100.0
4,165519.5,38816.41731,100.0
5,151063.0,45181.11299,100.0
6,172085.0,62535.85555,100.0
7,223715.0,139089.89343,100.0
8,235114.5,133556.68777,100.0
9,246596.777778,130039.21862,100.0
10,263355.4,133217.27106,100.0
11,281166.636364,138945.64947,100.0
12,271454.833333,136874.31953,100.0
13,289120.230769,145045.693,100.0
14,304169.142857,149932.07633,100.0
15,288029.266667,156932.86503,93.33333
16,275560.875,159438.36028,93.75
17,283319.352941,157760.46888,94.11765
18,270511.444444,162155.48529,94.44444
19,266238.684211,158868.19123,94.73684
20,262476.6,155711.46185,95.0
21,261750.714286,151993.49755,95.2381
22,257172.363636,149973.72609,95.45455
23,268644.130435,156235.18124,95.65217
24,261556.0,156677.78667,95.83333
25,252971.4,159168.77915,96.0
26,249196.230769,157215.09557,96.15385
27,248367.37037,154334.11613,96.2963
28,250153.857143,151837.12189,96.42857
29,247687.275862,149766.08787,96.55172
30,248301.8,147286.01403,96.66667
31,249433.83871,145023.56913,96.77419
32,251406.9375,143161.71774,96.875
33,248646.515152,141838.09863,96.9697
34,244958.764706,141333.37394,97.05882
35,242640.542857,139954.01384,97.14286
36,242204.777778,138020.59755,97.22222
37,236191.702703,140842.05187,97.2973
38,232257.0,141022.34081,97.36842
39,237775.923077,143299.66251,97.4359
40,235553.6,142176.06521,97.5
41,234358.756098,140634.68416,95.12195
42,233900.0,138981.42195,95.2381
43,232562.627907,137629.02985,95.34884
44,230981.590909,136450.51007,95.45455
45,232182.466667,135160.80939,95.55556
46,231505.347826,133760.74292,95.65217
47,230039.765957,132702.90743,95.74468
48,230511.75,131353.17086,95.83333
49,227629.816327,131530.24777,95.91837
50,226135.56,130627.7507,96.0
51,227170.058824,129547.4356,96.07843
52,226745.192308,128331.61358,96.15385
53,223246.924528,129594.12319,96.22642
54,224064.518519,128526.46945,96.2963
55,232142.090909,140506.42125,96.36364
56,228941.714286,141254.55854,96.42857
57,227527.421053,140409.44741,96.49123
58,225665.793103,139901.5543,96.55172
59,222263.0,141110.91593,96.61017
60,221119.733333,140205.33351,96.66667
61,224687.42623,141770.89553,96.72131
62,222795.451613,141397.18264,96.77419
63,221398.206349,140701.29249,96.8254
64,220473.90625,139790.38129,96.875
65,219685.061538,138854.38488,96.92308
66,218700.636364,138026.81567,95.45455
67,219799.626866,137283.52432,95.52239
68,219287.705882,136334.75695,95.58824
69,222354.478261,137685.63123,95.65217
70,225963.857143,139947.91711,95.71429
71,227122.042254,139296.32449,95.77465
72,225009.361111,139466.3987,95.83333
73,223883.739726,138836.78078,95.89041
74,221694.432432,139158.41249,95.94595
75,219603.266667,139393.19572,96.0
76,221561.894737,139508.12098,96.05263
77,221288.974026,138619.68398,96.1039
78,220072.615385,138141.19217,96.15385
79,223552.594937,140662.8318,96.20253
80,221687.85,140760.1203,96.25
81,219554.111111,141184.37867,96.2963
82,219124.04878,140374.2295,96.34146
83,221899.096386,141770.90144,96.38554
84,220695.142857,141350.71157,96.42857
85,228885.988235,159312.64919,96.47059
86,229639.744186,158536.08564,96.51163
87,227571.390805,158785.11525,96.55172
88,225606.159091,158940.90264,96.59091
89,224223.674157,158576.65891,96.62921
90,226382.888889,159003.41852,96.66667
91,224950.846154,158709.88987,96.7033
92,223448.934783,158493.87893,96.73913
93,221158.505376,159162.92582,96.77419
94,219293.893617,159331.97718,96.80851
95,221338.389474,159725.91306,96.84211
96,219728.458333,159664.77981,96.875
97,218083.061856,159655.66933,96.90722
98,216218.612245,159896.90463,96.93878
99,215133.060606,159449.84407,96.9697
100,216397.22,159148.42772,97.0
101,216578.524752,158368.98279,97.0297
102,215267.705882,158140.40601,97.05882
103,215290.495146,157371.03006,97.08738
104,214095.923077,157081.16115,97.11538
105,216447.590476,158160.20785,97.14286
106,219838.886792,161202.53594,97.16981
107,220683.878505,160683.16819,97.19626
108,220209.962963,160012.64558,97.22222
109,218558.651376,160198.76675,97.24771
110,217757.709091,159688.01908,97.27273
111,216041.0,159983.47179,97.2973
112,215076.0,159591.83254,97.32143
113,213570.309735,159681.16449,97.34513
114,213003.77193,159093.29348,97.36842
115,211963.13913,158789.28078,97.3913
116,212578.258621,158240.91156,97.41379
117,212163.358974,157626.57088,97.4359
118,211060.322034,157410.06372,97.45763
119,215521.537815,164067.66572,97.47899
120,214288.066667,163935.75964,97.5
121,212865.495868,163998.99793,97.52066
122,213697.688525,163581.82325,97.54098
123,213021.227642,163086.74706,97.56098
124,212581.370968,162501.04647,97.58065
125,211491.608,162304.02865,97.6
126,212636.222222,162164.41408,97.61905
127,213566.433071,161861.85061,97.6378
128,218228.203125,169571.67711,97.65625
129,217429.108527,169154.91374,97.67442
130,216190.292308,169089.48443,97.69231
131,214860.038168,169124.34713,97.70992
132,213855.166667,168874.61177,97.72727
133,213303.736842,168357.79328,97.74436
134,212155.835821,168250.02999,97.76119
135,212948.97037,167876.9714,97.77778
136,213080.352941,167265.60389,97.79412
137,212609.364964,166744.51623,97.81022
138,212587.855072,166139.46174,97.82609
139,211869.071942,165755.96667,97.84173
140,211384.685714,165261.6222,97.85714
141,211078.503546,164714.39076,97.87234
142,212295.422535,164768.24356,97.88732
143,212946.51049,164374.32866,97.9021
144,213045.208333,163806.84215,97.91667
145,213781.17931,163479.74379,97.93103
146,216662.945205,166573.52047,97.94521
147,216954.183673,166043.27177,97.95918
148,218336.108108,166327.41793,97.97297
149,219051.241611,165996.4748,97.98658
150,219326.706667,165476.39424,98.0
151,219954.668874,165106.7742,98.01325
152,220158.447368,164581.81411,98.02632
153,219181.104575,164485.02492,98.03922
154,223525.077922,172530.47697,98.05195
155,222620.393548,172339.09517,98.06452
156,221717.051282,172153.58967,98.07692
157,220561.420382,172210.40605,98.08917
158,219286.911392,172405.77616,98.10127
159,218818.157233,171963.73813,98.11321
160,218759.3625,171427.11227,98.125
161,218295.881988,170994.43136,98.13665
162,217860.666667,170555.27756,98.14815
163,216727.613497,170641.78588,98.15951
164,215986.817073,170383.44276,98.17073
165,218134.50303,172078.56941,98.18182
166,219643.168675,172650.53203,98.19277
167,219880.952096,172160.0992,98.20359
168,220460.428571,171810.22663,98.21429
169,223885.16568,176959.1175,98.22485
170,223902.694118,176438.029,98.23529
171,223798.929825,175926.57411,98.24561
172,223977.104651,175429.88714,98.25581
173,224384.364162,175003.65531,98.2659
174,224033.287356,174561.13363,98.27586
175,223325.297143,174312.02922,98.28571
176,222631.579545,174058.21153,98.29545
177,225920.152542,178965.03865,98.30508
178,226692.764045,178757.39454,98.31461
179,226012.396648,178488.33897,98.32402
180,225254.511111,178280.43547,98.33333
181,224390.348066,178164.90097,98.34254
182,224635.428571,177705.35442,98.35165
183,223892.825137,177502.09798,98.36066
184,222990.130435,177439.79284,98.36957
185,222384.178378,177150.36628,98.37838
186,221968.333333,176764.02915,98.3871
187,221554.208556,176381.21364,98.39572
188,222065.180851,176050.20978,98.40426
189,221312.375661,175886.98417,98.4127
190,223089.621053,177116.86694,98.42105
191,225955.34555,181015.17426,98.42932
192,225243.416667,180811.06564,98.4375
193,225052.336788,180361.46968,98.4456
194,224527.268041,180043.84897,98.45361
195,223532.630769,180115.17866,98.46154
196,223595.55102,179657.26213,98.46939
197,225496.350254,181165.79686,98.47716
198,226944.717172,181847.58217,98.48485
199,227241.291457,181438.10213,98.49246
200,227068.25,181000.39974,98.5
201,228614.323383,181868.69582,98.50746
202,227884.346535,181712.91905,98.51485
203,228501.472906,181476.8789,98.52217
204,229158.676471,181273.53958,98.52941
205,228278.892683,181266.93847,98.53659
206,229244.31068,181353.98013,98.54369
207,228796.323671,181029.62021,98.55072
208,228598.480769,180616.35968,98.55769
209,228492.425837,180190.23692,98.56459
210,228340.32381,179774.14913,98.57143
211,228188.061611,179361.21064,98.5782
212,227658.320755,179103.06659,98.58491
213,229208.117371,180101.37228,98.59155
214,228975.233645,179712.22514,98.59813
215,228209.204651,179643.65547,98.60465
216,227245.722222,179783.25958,98.61111
217,227567.654378,179430.92635,98.61751
218,228966.577982,180201.10427,98.62385
219,230447.840183,181114.5605,98.63014
220,229751.427273,180996.11831,98.63636
221,229080.475113,180860.16775,98.64253
222,228956.459459,180461.7829,98.64865
223,228158.928251,180448.39043,98.65471
224,227387.080357,180413.71703,98.66071
225,227242.831111,180025.29695,98.66667
226,226326.575221,180151.59589,98.67257
227,226679.185022,179832.49183,98.67841
228,226232.684211,179563.74805,98.68421
229,226415.034934,179192.41414,98.68996
230,226956.434783,178990.04439,98.69565
231,228190.714286,179580.4509,98.7013
232,228877.137931,179496.44961,98.7069
233,228636.60515,179148.31608,98.71245
234,228407.213675,178799.39979,98.71795
235,228451.110638,178419.83358,98.7234
236,228632.559322,178063.15108,98.72881
237,228061.177215,177903.77125,98.73418
238,228072.991597,177529.72358,98.7395
239,228409.619247,177234.03458,98.74477
240,227959.975,177000.96353,98.75
241,227336.93361,176896.88285,98.75519
242,226629.157025,176872.63123,98.76033
243,226708.152263,176512.59834,98.76543
244,226096.967213,176407.98721,98.77049
245,226385.506122,176105.28839,98.77551
246,226810.934959,175873.09536,98.78049
247,226192.692308,175784.36975,98.78543
248,226054.862903,175442.98087,98.79032
249,227366.365462,176304.26478,98.79518
250,227066.208,176015.04065,98.8
251,226305.039841,176075.85674,98.80478
252,226396.261905,175732.09552,98.80952
253,225626.16996,175809.99275,98.81423
254,224854.574803,175892.26765,98.8189
255,225202.34902,175634.51964,98.82353
256,224978.640625,175327.54516,98.82813
257,224421.062257,175213.37549,98.83268
258,224107.302326,174945.80933,98.83721
259,224654.737452,174829.01636,98.8417
260,223946.546154,174864.30197,98.46154
261,223341.130268,174801.79124,98.46743
262,222965.549618,174573.36113,98.47328
263,222491.768061,174409.83772,98.47909
264,221898.227273,174345.12108,98.10606
265,222495.218868,174285.99442,98.11321
266,222205.736842,174021.89746,98.1203
267,221929.509363,173754.1229,98.12734
268,221328.5,173707.47766,98.13433
269,221810.472119,173563.73858,98.14126
270,221583.866667,173281.88816,98.14815
271,221084.756458,173156.21105,98.15498
272,222386.397059,174160.81142,98.16176
273,221753.542125,174154.58509,98.1685
274,222934.934307,174928.98394,98.17518
275,223020.52,174616.38863,98.18182
276,222962.072464,174302.46239,98.18841
277,223465.064982,174188.10764,98.19495
278,223262.81295,173907.11802,98.20144
279,223544.333333,173658.62468,98.20789
280,223192.528571,173447.81376,98.21429
281,222881.604982,173217.06515,98.22064
282,222335.964539,173151.42004,98.22695
283,222514.448763,172871.21344,98.23322
284,223603.612676,173536.58449,98.23944
285,225519.449123,176214.87337,98.24561
286,225880.979021,176012.38561,98.25175
287,226032.749129,175724.22188,98.25784
288,226287.645833,175472.02186,98.26389
289,226418.031142,175182.14883,98.2699
290,225833.668966,175161.78049,98.27586
291,225421.508591,175001.36632,98.28179
292,225046.40411,174818.5949,98.28767
293,225086.358362,174521.35013,98.29352
294,226167.238095,175203.92753,98.29932
295,226644.810169,175098.29996,98.30508
296,226171.932432,174990.86114,98.31081
297,226263.558923,174703.12767,98.3165
298,227871.939597,176598.6087,98.32215
299,227287.51505,176591.46788,98.32776
300,227781.92,176504.06363,98.33333
301,227181.299003,176517.4426,98.33887
302,226945.503311,176272.42975,98.34437
303,226795.448845,176000.62974,98.34983
304,226399.256579,175846.2044,98.35526
305,230172.298361,187478.53484,98.36066
306,230143.705882,187172.61277,98.36601
307,230360.602606,186906.03675,98.37134
308,230814.844156,186772.02653,98.37662
309,231786.268608,187247.28659,98.38188
310,231722.496774,186948.39188,98.3871
311,231665.778135,186650.26128,98.39228
312,231239.634615,186502.37486,98.39744
313,231528.667732,186274.18533,98.40256
314,231234.815287,186049.9826,98.40764
315,230744.898413,185957.18389,98.4127
316,230332.974684,185806.60158,98.41772
317,230717.511041,185639.19504,98.42271
318,230732.157233,185347.26312,98.42767
319,230250.210031,185255.98299,98.4326
320,230397.34375,184984.96085,98.4375
321,229954.856698,184866.13392,98.44237
322,230450.167702,184792.05693,98.4472
323,230357.006192,184513.35258,98.45201
324,229835.111111,184467.00661,98.45679
325,232269.689231,189324.53099,98.46154
326,231746.141104,189269.41421,98.46626
327,231551.923547,189012.32192,98.47095
328,232628.853659,189726.08072,98.47561
329,233138.93921,189662.63955,98.48024
330,232746.236364,189508.96533,98.48485
331,232246.697885,189439.95159,98.48943
332,232527.638554,189223.48018,98.49398
333,232928.645646,189080.37754,98.4985
334,233018.958084,188804.30382,98.50299
335,232654.558209,188639.88693,98.50746
336,232052.232143,188681.30822,98.5119
337,232293.255193,188452.95209,98.51632
338,232347.278107,188176.58236,98.52071
339,232747.879056,188043.11536,98.52507
340,234555.429412,190692.96365,98.52941
341,234302.595308,190470.21338,98.53372
342,234264.216374,190192.86474,98.53801
343,234277.233236,189915.56586,98.54227
344,234334.5,189642.29066,98.54651
345,234157.886957,189395.57666,98.55072
346,234814.075145,189514.01815,98.55491
347,235862.746398,190243.42342,98.55908
348,237118.563218,191404.81675,98.56322
349,236577.928367,191396.30553,98.56734
350,236321.017143,191182.93996,98.57143
351,235884.737892,191084.80243,98.5755
352,236196.693182,190902.66739,98.57955
353,236309.985836,190643.92492,98.58357
354,236199.468927,190385.78691,98.58757
355,237289.371831,191220.17889,98.59155
356,236769.174157,191202.79991,98.59551
357,236694.910364,190939.96251,98.59944
358,236938.675978,190728.72001,98.60335
359,238040.147632,191599.72484,98.60724
360,238440.827778,191483.98517,98.61111
361,238024.66205,191381.55135,98.61496
362,238846.154696,191753.33069,98.61878
363,238984.856749,191507.20909,98.62259
364,238767.335165,191288.86843,98.62637
365,239192.134247,191198.49905,98.63014
366,239334.693989,190956.5445,98.63388
367,239437.196185,190706.29066,98.6376
368,239717.271739,190522.56854,98.6413
369,239464.349593,190326.08617,98.64499
370,238982.432432,190294.02096,98.64865
371,238722.601078,190103.09837,98.65229
372,238711.849462,189847.52445,98.65591
373,240362.742627,192248.07338,98.65952
374,240171.497326,192026.41066,98.6631
375,239778.968,191920.39233,98.66667
376,239885.659574,191676.14453,98.67021
377,240544.877984,191848.08936,98.67374
378,240105.058201,191784.37701,98.67725
379,239780.76781,191634.94256,98.68074
380,239523.621053,191448.088,98.68421
381,239750.317585,191247.74157,98.68766
382,239406.303665,191115.25428,98.6911
383,239318.587467,190873.29288,98.69452
384,239436.588542,190638.58561,98.69792
385,239385.592208,190393.46465,98.7013
386,239015.683938,190285.15624,98.70466
387,238785.594315,190092.90923,98.70801
388,239172.087629,189999.97583,98.71134
389,239453.030848,189836.28017,98.71465
390,239032.251282,189774.29538,98.71795
391,238903.480818,189548.52139,98.72123
392,239289.714286,189460.59008,98.72449
393,240481.43257,190684.80265,98.72774
394,239971.746193,190710.51768,98.73096
395,239616.306329,190599.58371,98.73418
396,239958.479798,190480.2118,98.73737
397,239494.732997,190463.86288,98.48866
398,239670.552764,190256.69086,98.49246
399,239180.759398,190269.19566,98.49624
400,239126.235,190034.33135,98.5
401,238917.44389,189843.1645,98.50374
402,238568.711443,189735.45174,98.50746
403,239618.985112,190666.32849,98.51117
404,240095.247525,190670.06942,98.51485
405,239943.424691,190458.97727,98.51852
406,239894.512315,190226.82407,98.52217
407,239848.636364,189995.23513,98.5258
408,239708.534314,189783.3034,98.52941
409,239690.403423,189551.50627,98.53301
410,239463.365854,189375.87564,98.53659
411,239162.343066,189243.53585,98.54015
412,239313.063107,189038.42815,98.54369
413,238921.726392,188976.44329,98.54722
414,238815.164251,188760.49596,98.55072
415,238440.320482,188687.14423,98.55422
416,238503.173077,188464.56985,98.55769
417,238802.203837,188337.23836,98.56115
418,239548.287081,188727.78192,98.56459
419,239472.78043,188508.75634,98.56802
420,239439.028571,188285.47496,98.57143
421,239031.014252,188247.52912,98.57482
422,238699.43128,188147.40437,98.5782
423,238679.373522,187925.32803,98.58156
424,238566.377358,187717.97343,98.58491
425,239675.771765,188883.46948,98.58824
426,240142.267606,188906.60154,98.59155
427,242774.569087,196351.44448,98.59485
428,242779.775701,196121.95732,98.59813
429,242686.216783,195902.80571,98.6014
430,243241.837209,196013.00126,98.60465
431,243061.032483,195821.37125,98.60789
432,242708.125,195731.76507,98.61111
433,243018.2194,195611.82598,98.61432
434,242580.83871,195598.19607,98.61751
435,242104.517241,195625.07565,98.62069
436,241901.733945,195446.3726,98.62385
437,243377.764302,197640.50754,98.627
438,243214.894977,197444.11903,98.63014
439,243030.334852,197256.93208,98.63326
440,242620.622727,197219.56563,98.63636
441,242994.002268,197151.46444,98.63946
442,242759.669683,196989.79106,98.64253
443,242659.884876,196778.51227,98.6456
444,243127.959459,196803.53206,98.64865
445,242971.629213,196609.87727,98.65169
446,243018.816143,196391.86154,98.65471
447,242522.284116,196452.12166,98.65772
448,242905.84375,196400.23367,98.66071
449,243106.398664,196227.32369,98.6637
450,244118.462222,197178.83749,98.66667
451,243933.203991,196999.31706,98.66962
452,245988.318584,201563.06108,98.67257
453,245781.958057,201388.25701,98.6755
454,246299.682819,201467.90958,98.67841
455,246210.520879,201255.36149,98.68132
456,245956.517544,201107.56358,98.68421
457,245650.501094,200993.66975,98.68709
458,245722.703057,200780.05738,98.68996
459,245374.899782,200699.29571,98.69281
460,245304.765217,200486.65638,98.69565
461,245104.934924,200314.94578,98.69848
462,245046.839827,200101.92507,98.7013
463,245496.179266,200118.91412,98.7041
464,245669.698276,199938.01726,98.7069
465,245683.012903,199723.12036,98.70968
466,245377.304721,199617.59224,98.71245
467,245139.072805,199470.05998,98.7152
468,244752.662393,199431.73333,98.50427
469,246395.848614,202365.61198,98.50746
470,245912.276596,202421.29628,98.51064
471,245713.195329,202252.35332,98.30149
472,245441.648305,202123.92148,98.30508
473,246282.200846,202734.28141,98.30867
474,246103.35865,202557.66135,98.31224
475,246147.282105,202346.59011,98.31579
476,246244.781513,202145.09847,98.31933
477,246566.337526,202054.92446,98.32285
478,246305.012552,201924.1361,98.32636
479,246226.549061,201720.54364,98.12109
480,246163.5625,201515.0237,98.125
481,246004.035343,201335.77801,98.1289
482,246248.908714,201198.50375,98.13278
483,246977.028986,201624.80838,98.13665
484,246765.078512,201470.26645,98.1405
485,246953.008247,201304.91971,98.14433
486,246534.176955,201309.13341,98.14815
487,246339.829569,201147.97923,97.94661
488,245993.401639,201087.15688,97.95082
489,246121.797546,200901.46414,97.95501
490,246061.322449,200700.81335,97.95918
491,247036.572301,201655.20864,97.96334
492,246783.321138,201528.31549,97.96748
493,246822.598377,201325.707,97.9716
494,246546.757085,201215.06709,97.97571
495,246384.838384,201043.93007,97.9798
496,246237.41129,200867.94488,97.98387
497,246046.730382,200710.6935,97.98793
498,246042.317269,200509.09962,97.99197
499,245575.48497,200578.8135,97.99599
500,245384.164,200423.70608,98.0
