simulation,sample_comp_mean,sample_comp_std,correctness
16,224648.75,162352.1086,100.0
17,217037.588235,160420.07645,100.0
18,223930.777778,158469.7887,100.0
19,219355.315789,155459.90349,100.0
20,212856.6,154148.71179,100.0
21,212122.238095,150469.58364,100.0
22,211130.090909,147080.33984,100.0
23,204604.826087,147067.38992,100.0
24,206812.0,144359.49448,100.0
25,210546.4,142621.0887,100.0
26,209597.423077,139931.95265,100.0
27,211062.555556,137519.24554,100.0
28,206253.0,137334.22703,100.0
29,202870.37931,136127.51644,100.0
30,208992.633333,137840.44596,100.0
31,206286.225806,136406.83611,100.0
32,207148.1875,134344.31129,100.0
33,206891.848485,132301.07957,100.0
34,206325.647059,130381.53198,100.0
35,203406.428571,129627.89355,100.0
36,205918.194444,128675.73121,100.0
37,203713.864865,127612.193,100.0
38,202913.921053,126015.86891,100.0
39,198393.128205,127473.32009,100.0
40,200112.275,126326.85507,100.0
41,195374.512195,128324.19526,100.0
42,194545.047619,126898.51761,100.0
43,197673.348837,127042.36789,100.0
44,205778.0,136372.36292,100.0
45,207097.755556,135132.46296,100.0
46,204954.065217,134426.9407,100.0
47,215505.276596,151020.56918,100.0
48,221326.25,154675.78166,100.0
49,219501.571429,153610.39689,100.0
50,223631.12,154789.65195,100.0
51,226770.588235,154863.9683,100.0
52,228936.615385,154145.76025,100.0
53,225851.886792,154296.48366,100.0
54,227475.407407,153317.4009,100.0
55,229950.909091,153002.47503,100.0
56,228977.285714,151802.05144,100.0
57,225340.894737,152905.49869,100.0
58,223057.827586,152558.4906,100.0
59,226296.898305,153258.37168,100.0
60,224808.0,152405.55092,100.0
61,223755.360656,151370.9253,100.0
62,221858.048387,150874.70763,100.0
63,219947.460317,150426.6553,100.0
64,218604.375,149627.06192,100.0
65,217778.446154,148618.57578,100.0
66,217410.424242,147518.22217,100.0
67,214807.358209,147932.54669,100.0
68,213916.441176,147021.74804,100.0
69,213232.217391,146061.50362,100.0
70,213664.928571,145058.99293,100.0
71,213130.704225,144103.16221,100.0
72,212588.055556,143171.97967,100.0
73,210469.219178,143320.13101,100.0
74,218786.256757,159099.71966,100.0
75,217490.72,158427.96659,100.0
76,216258.289474,157743.72076,100.0
77,226890.324675,182074.09933,100.0
78,226231.230769,180995.61951,100.0
79,227139.620253,180025.28024,100.0
80,228997.4625,179657.06889,100.0
81,237465.666667,193945.92967,100.0
82,237504.0,192760.01364,100.0
83,235342.939759,192592.08184,100.0
84,234017.059524,191822.97192,100.0
85,232946.941176,190943.31802,100.0
86,234677.139535,190498.97532,100.0
87,233644.034483,189643.14671,100.0
88,231445.170455,189674.67041,100.0
89,229752.47191,189273.3224,100.0
90,227645.788889,189265.24741,100.0
91,226262.56044,188679.33573,100.0
92,224059.423913,188824.34468,100.0
93,224997.946237,188022.03545,100.0
94,223935.074468,187299.9184,100.0
95,227794.736842,190032.36677,100.0
96,237411.5,211002.21165,100.0
97,236382.917526,210153.54049,100.0
98,236085.795918,209099.05688,100.0
99,236950.525253,208216.3663,100.0
100,235040.25,208042.73755,100.0
101,235593.990099,207084.30886,100.0
102,233914.558824,206756.74089,100.0
103,235869.815534,206696.07234,100.0
104,236848.817308,205939.76173,100.0
105,234827.0,205991.24961,100.0
106,233448.603774,205503.25253,100.0
107,234662.056075,204921.88882,100.0
108,233036.638889,204662.76798,100.0
109,232434.688073,203817.8079,100.0
110,235876.690909,206047.11067,100.0
111,234536.423423,205597.97054,100.0
112,239182.491071,210449.87511,100.0
113,237765.123894,210052.87592,100.0
114,237853.280702,209131.66173,100.0
115,238514.869565,208340.19349,100.0
116,238269.439655,207456.92764,100.0
117,236814.786325,207161.73716,100.0
118,235089.101695,207124.87799,100.0
119,233887.319328,206665.50272,100.0
120,233233.4,205926.18518,100.0
121,232377.380165,205287.76556,100.0
122,231962.827869,204495.54029,100.0
123,235401.747967,207174.39927,100.0
124,235011.072581,206382.81397,100.0
125,234856.888,205562.7953,100.0
126,233825.206349,205070.09317,100.0
127,234072.15748,204279.94363,100.0
128,234203.859375,203485.82334,100.0
129,235872.333333,203572.65759,100.0
130,238418.476923,204839.76889,100.0
131,237337.167939,204428.54612,100.0
132,236802.94697,203744.49222,100.0
133,235451.443609,203570.14829,100.0
134,234271.141791,203265.41634,100.0
135,233031.614815,203018.86643,99.25926
136,232147.272059,202531.91066,99.26471
137,230882.445255,202329.76995,99.27007
138,229795.021739,201996.75632,99.27536
139,229691.985612,201272.47727,99.28058
140,229606.664286,200554.88148,99.28571
141,231154.666667,200680.0434,99.29078
142,232105.394366,200290.58473,99.29577
143,231116.223776,199936.80436,99.3007
144,231764.027778,199391.90914,99.30556
145,230979.634483,198925.98018,99.31034
146,230029.767123,198573.24485,99.31507
147,230471.891156,197968.76612,99.31973
148,229960.682432,197396.15037,99.32432
149,229170.919463,196967.10356,99.32886
150,227924.706667,196897.95205,99.33333
151,227451.556291,196330.42854,99.33775
152,226649.171053,195931.78554,99.34211
153,227248.712418,195430.27078,99.34641
154,226673.857143,194924.45836,99.35065
155,226347.76129,194336.79027,99.35484
156,225333.480769,194124.06298,99.35897
157,224546.859873,193754.10675,99.36306
158,223612.0,193494.87589,99.36709
159,226769.031447,196925.25367,99.37107
160,227098.70625,196352.90754,99.375
161,226526.552795,195875.91253,99.37888
162,226181.018519,195319.63521,99.38272
163,227760.490798,195754.58867,99.3865
164,226917.128049,195453.66921,99.39024
165,226269.09697,195037.12356,99.39394
166,225537.277108,194675.86786,99.39759
167,224838.497006,194300.82857,99.4012
168,224888.434524,193722.76408,99.40476
169,224669.130178,193169.68447,98.81657
170,223681.194118,193028.43512,98.82353
171,226403.625731,195709.1207,98.83041
172,225746.744186,195328.33613,98.83721
173,225030.132948,194989.60959,98.84393
174,224646.747126,194493.86881,98.85057
175,225490.068571,194256.15311,98.85714
176,224983.971591,193819.16963,98.86364
177,224554.265537,193354.93757,98.87006
178,224472.353933,192814.12038,98.8764
179,223902.916201,192424.81349,98.88268
180,223321.311111,192047.2622,98.88889
181,223216.082873,191521.21362,98.89503
182,222290.0,191400.27607,98.9011
183,223749.666667,191889.69123,98.9071
184,223224.804348,191499.21369,98.91304
185,222547.951351,191201.51152,98.91892
186,221926.139785,190874.30342,98.92473
187,222250.68984,190414.71245,98.93048
188,221176.069149,190475.33089,98.93617
189,221614.613757,190065.89889,98.9418
190,222504.205263,189959.16299,98.94737
191,222991.335079,189580.18289,98.95288
192,223261.395833,189122.67195,98.95833
193,223183.15544,188635.19594,98.96373
194,222732.262887,188252.639,98.96907
195,222513.866667,187793.95768,98.97436
196,222852.285714,187373.88268,98.97959
197,222875.06599,186897.98151,98.98477
198,222384.691919,186552.42956,98.9899
199,223697.829146,186998.24259,98.99497
200,224012.555,186582.99075,99.0
201,224027.606965,186118.39696,99.00498
202,226200.673267,188196.00926,99.0099
203,225441.147783,188042.00551,99.01478
204,224530.068627,188029.16461,99.01961
205,224467.278049,187572.14024,99.02439
206,225050.024272,187302.24675,99.02913
207,224641.89372,186941.07701,99.03382
208,224114.206731,186645.63188,99.03846
209,223493.38756,186413.72337,99.04306
210,223428.842857,185971.69248,99.04762
211,224789.952607,186576.01231,99.05213
212,224857.382075,186138.03144,99.0566
213,224386.483568,185827.10534,99.06103
214,223665.042056,185691.17297,99.06542
215,224143.32093,185390.90224,99.06977
216,224021.833333,184969.8367,99.07407
217,223839.322581,184562.63982,99.07834
218,223091.495413,184468.07394,99.08257
219,223688.86758,184257.65446,99.08676
220,226928.904545,189988.38882,99.09091
221,227232.647059,189611.59387,99.09502
222,227458.77027,189213.92175,99.0991
223,228072.421525,189010.47478,99.10314
224,227679.267857,188679.46951,99.10714
225,227684.511111,188259.73124,99.11111
226,227417.513274,187885.45546,99.11504
227,226857.660793,187659.98474,99.11894
228,226557.192982,187302.71304,99.12281
229,227080.563319,187060.31496,99.12664
230,226683.273913,186750.01824,99.13043
231,226557.359307,186355.14308,99.1342
232,226835.267241,186001.0469,99.13793
233,226199.386266,185854.0154,99.14163
234,225765.188034,185574.858,99.1453
235,225286.804255,185324.13298,99.14894
236,225698.995763,185038.99965,99.15254
237,225314.244726,184742.7863,99.15612
238,225211.596639,184361.03531,99.15966
239,224978.995816,184009.93054,99.16318
240,225010.091667,183626.80563,99.16667
241,225563.767635,183446.08307,99.17012
242,226011.88843,183198.80287,99.17355
243,226186.687243,182841.68338,99.17695
244,227010.520492,182917.99515,99.18033
245,227120.155102,182552.34441,99.18367
246,227970.642276,182666.64989,99.18699
247,227222.388664,182673.88106,99.19028
248,227332.366935,182313.40847,99.19355
249,228009.7751,182259.4166,99.19679
250,227279.68,182259.01249,98.8
251,227510.661355,181932.24485,98.80478
252,228161.956349,181863.86557,98.80952
253,227817.735178,181586.33075,98.81423
254,228007.370079,181253.62464,98.8189
255,227763.792157,180939.52445,98.82353
256,228811.226562,181358.73195,98.82813
257,229068.669261,181052.41229,98.83268
258,228325.093023,181093.94957,98.83721
259,228138.328185,180768.90275,98.8417
260,229897.796154,182629.42627,98.84615
261,229935.911877,182280.26183,98.85057
262,230604.992366,182252.89636,98.85496
263,230375.129278,181944.12469,98.85932
264,231389.075758,182342.14775,98.86364
265,231964.716981,182237.95431,98.86792
266,231372.274436,182150.57427,98.87218
267,230825.876404,182027.41808,98.8764
268,230329.100746,181868.7399,98.8806
269,230168.620818,181549.38881,98.88476
270,229642.107407,181418.5135,98.88889
271,229095.084871,181306.42883,98.89299
272,228643.397059,181125.53118,98.89706
273,228171.732601,180960.76644,98.9011
274,227786.912409,180742.11674,98.90511
275,227710.050909,180417.68147,98.90909
276,227545.782609,180111.14254,98.91304
277,226909.086643,180096.63249,98.91697
278,226215.438849,180142.72923,98.92086
279,226760.530466,180049.13312,98.92473
280,226856.403571,179734.46342,98.92857
281,226468.430605,179531.78336,98.93238
282,225848.900709,179513.83574,98.58156
283,225843.985866,179196.41182,98.58657
284,225566.193662,178941.67918,98.59155
285,225177.982456,178747.23575,98.59649
286,224691.807692,178623.13198,98.6014
287,225561.529617,178917.26246,98.60627
288,225428.024306,178620.69184,98.61111
289,224811.048443,178618.53842,98.61592
290,224703.072414,178319.75736,98.62069
291,225449.230241,178466.0263,98.62543
292,225430.900685,178160.44608,98.63014
293,224982.119454,178021.41202,98.63481
294,224826.79932,177738.28213,98.63946
295,224311.891525,177656.29001,98.64407
296,224787.368243,177543.8618,98.64865
297,224192.626263,177539.82459,98.3165
298,224264.560403,177246.02401,98.32215
299,223848.250836,177095.25615,98.32776
300,223394.373333,176973.96066,98.0
301,222827.614618,176952.23917,98.00664
302,223544.360927,177096.14288,98.01325
303,223621.240924,176808.71135,98.0198
304,224240.042763,176846.00809,98.02632
305,224220.806557,176556.17715,98.03279
306,224997.653595,176788.79769,98.03922
307,224952.28013,176502.41782,98.0456
308,225354.587662,176356.58599,98.05195
309,225172.598706,176099.95401,98.05825
310,224752.483871,175970.72229,98.06452
311,224565.430868,175718.44948,98.07074
312,224728.016026,175460.05181,98.07692
313,224661.571885,175183.47138,98.08307
314,224250.656051,175055.31356,98.08917
315,224045.71746,174814.9509,98.09524
316,223633.886076,174691.10726,98.10127
317,223234.293375,174559.93801,97.7918
318,222861.77673,174411.41111,97.79874
319,223072.489028,174178.3597,97.80564
320,222984.115625,173913.15582,97.8125
321,222782.766355,173679.40414,97.81931
322,223000.416149,173453.34523,97.82609
323,223680.164087,173613.65068,97.83282
324,223214.404321,173547.51181,97.83951
325,223206.061538,173280.37501,97.84615
326,223789.868098,173334.22507,97.85276
327,225796.761468,176821.59948,97.85933
328,225549.658537,176608.38547,97.86585
329,226845.951368,177895.70213,97.87234
330,227558.966667,178096.15879,97.87879
331,227339.335347,177871.68067,97.8852
332,227083.207831,177664.7197,97.89157
333,227205.624625,177411.77776,97.8979
334,227890.152695,177585.86443,97.90419
335,227693.232836,177357.12951,97.91045
336,227560.065476,177109.78068,97.91667
337,227739.593472,176877.42662,97.92285
338,227247.313609,176846.6325,97.92899
339,226788.156342,176787.25793,97.9351
340,226485.261765,176615.15625,97.94118
341,226211.926686,176428.00429,97.94721
342,227445.222222,177635.8456,97.95322
343,227980.166181,177652.37537,97.95918
344,227514.851744,177603.17209,97.96512
345,227518.246377,177345.60057,97.97101
346,226992.115607,177358.57056,97.97688
347,227211.319885,177149.75741,97.98271
348,227522.672414,176990.10312,97.98851
349,227221.808023,176825.44918,97.99427
350,227681.774286,176781.62257,98.0
351,227890.210826,176572.68136,98.0057
352,228115.744318,176372.31055,98.01136
353,228298.13881,176155.55575,98.017
354,228133.079096,175933.907,98.0226
355,227744.433803,175838.04709,98.02817
356,227485.716292,175658.55933,98.03371
357,227161.747899,175518.83789,98.03922
358,227760.173184,175637.85481,98.04469
359,227376.108635,175543.53772,98.05014
360,227072.805556,175393.72945,98.05556
361,226691.523546,175299.97069,98.06094
362,226618.964088,175063.10468,98.0663
363,226289.121212,174934.40955,98.07163
364,225877.925824,174869.53057,98.07692
365,225342.038356,174928.85843,98.08219
366,225789.734973,174898.98925,98.08743
367,225505.618529,174745.10061,98.09264
368,225441.763587,174511.8012,98.09783
369,225233.95122,174320.76478,98.10298
370,225311.678378,174091.43964,98.10811
371,225217.142857,173866.16626,98.11321
372,224952.698925,173707.01216,98.11828
373,224752.364611,173517.0311,98.12332
374,224272.449198,173532.60758,98.12834
375,224301.232,173301.97024,98.13333
376,224250.43883,173074.15707,98.1383
377,223772.474801,173092.76576,97.87798
378,224904.71164,174255.96803,97.8836
379,224801.881266,174037.4106,97.88918
380,224961.215789,173835.94047,97.89474
381,225422.538058,173840.4163,97.90026
382,225390.348168,173613.86436,97.90576
383,225052.258486,173512.93646,97.91123
384,224966.570312,173294.97487,97.91667
385,226223.264935,174813.01262,97.92208
386,226460.370466,174648.40047,97.92746
387,226208.604651,174492.73363,97.93282
388,225720.935567,174531.59422,97.93814
389,225330.447301,174476.74176,97.94344
390,224963.851282,174402.85377,97.94872
391,225747.347826,174865.58345,97.95396
392,225746.211735,174642.39963,97.95918
393,225676.653944,174425.50358,97.96438
394,225835.883249,174232.60741,97.96954
395,225825.843038,174012.03416,97.97468
396,225985.25,173821.05767,97.9798
397,225667.712846,173716.96382,97.98489
398,225803.79397,173519.77444,97.98995
399,227467.225564,176450.89556,97.99499
400,227751.64,176321.7428,98.0
401,227802.76808,176104.72182,98.00499
402,228392.803483,176281.96576,98.00995
403,228341.315136,176066.1443,98.01489
404,228421.368812,175855.44894,98.0198
405,229078.874074,176134.70719,98.02469
406,229296.3867,175972.11123,98.02956
407,229735.744472,175978.61305,98.0344
408,229454.659314,175854.27416,98.03922
409,230013.98044,176002.14185,98.04401
410,229775.121951,175853.73385,98.04878
411,229333.671533,175866.97729,98.05353
412,229722.783981,175830.46305,98.05825
413,230755.506053,176864.06609,98.06295
414,231291.396135,176985.71902,98.06763
415,232290.216867,177936.757,98.07229
416,232242.278846,177725.4451,98.07692
417,232672.318945,177728.78208,98.08153
418,232198.825359,177779.19325,98.08612
419,231832.704057,177724.62304,98.09069
420,231592.783333,177580.8414,98.09524
421,231725.529691,177390.67456,98.09976
422,231513.104265,177233.97372,98.10427
423,231099.947991,177227.69613,98.10875
424,231457.832547,177171.54205,98.11321
425,231065.957647,177146.85721,98.11765
426,231025.309859,176940.80051,98.12207
427,230657.697892,176896.28305,98.12646
428,230702.766355,176691.96197,98.13084
429,231050.979021,176632.87152,98.1352
430,231057.169767,176427.4115,98.13953
431,231068.487239,176222.77674,98.14385
432,231050.828704,176019.07879,98.14815
433,230966.542725,175824.43364,98.15242
434,231307.069124,175764.64499,98.15668
435,231102.098851,175614.42172,98.16092
436,230741.022936,175574.49609,98.16514
437,230318.199085,175595.58876,98.16934
438,230387.114155,175400.939,98.17352
439,231262.826879,176157.02891,98.17768
440,230963.813636,176068.23584,98.18182
441,230600.471655,176033.56636,98.18594
442,230380.667421,175894.89684,98.19005
443,231211.783296,176562.98611,98.19413
444,231513.144144,176478.06602,98.1982
445,233192.831461,179797.6621,98.20225
446,233068.464126,179615.14331,98.20628
447,233144.930649,179421.38648,98.21029
448,232820.303571,179352.39834,98.21429
449,233339.209354,179488.91513,98.21826
450,234428.753333,180769.7142,98.22222
451,235731.110865,182670.45276,98.22616
452,236174.909292,182711.51534,98.23009
453,236411.909492,182579.27596,98.234
454,235999.389868,182589.3058,98.23789
455,235892.514286,182402.76355,98.24176
456,235999.89693,182217.04794,98.24561
457,236183.540481,182059.81643,98.24945
458,236064.165939,181878.85651,98.25328
459,235621.333333,181927.63131,98.25708
460,235693.534783,181736.35955,98.26087
461,235309.761388,181725.64385,98.26464
462,236531.218615,183413.52508,98.2684
463,236141.099352,183407.1336,98.27214
464,235796.93319,183359.00058,98.27586
465,236045.645161,183240.06888,98.27957
466,236227.66309,183085.43103,98.28326
467,236020.773019,182943.82634,98.28694
468,236633.376068,183227.14524,98.2906
469,236388.0,183108.66247,98.29424
470,236018.614894,183088.60508,98.29787
471,235744.235669,182990.84674,98.30149
472,236112.815678,182971.83319,98.30508
473,235963.496829,182807.10061,98.30867
474,236593.542194,183127.53409,98.31224
475,236779.050526,182979.24529,98.31579
476,238701.731092,187528.65884,98.31933
477,238384.008386,187460.19214,98.32285
478,237969.82636,187482.35657,98.32636
479,237896.736952,187293.36947,98.32985
480,237601.452083,187209.75114,98.33333
481,237696.004158,187026.5178,98.3368
482,238107.226141,187049.95799,98.34025
483,238246.022774,186881.06914,98.34369
484,237949.061983,186801.95281,98.34711
485,238048.303093,186622.04586,98.35052
486,237794.516461,186513.70887,98.35391
487,237385.039014,186540.66614,98.35729
488,237622.606557,186423.17293,98.36066
489,238064.94274,186488.63602,98.36401
490,238114.930612,186301.52371,98.36735
491,237701.437882,186336.65012,98.37067
492,237391.829268,186273.56593,98.37398
493,237017.318458,186269.87801,98.37728
494,236819.736842,186132.95696,98.38057
495,236490.082828,186089.14707,98.38384
496,236052.772177,186155.89671,98.3871
497,235752.806841,186088.47673,98.39034
498,235329.228916,186141.22611,98.19277
499,235215.152305,185972.04302,98.19639
500,235470.704,185873.66035,98.2
