simulation,sample_comp_mean,sample_comp_std,correctness,theta_dist
1,7709.0,0.0,100.0,324018.33904
2,7826.5,117.5,100.0,324018.33904
3,7784.0,113.21072,100.0,324018.33904
4,7775.75,99.0792,100.0,324018.33904
5,7681.0,209.19751,100.0,324018.33904
6,7644.5,207.67984,100.0,324018.33904
7,7588.0,236.90263,100.0,324018.33904
8,7595.125,222.40247,100.0,324018.33904
9,7607.66666667,212.66249,100.0,324018.33904
10,7622.7,206.72883,100.0,324018.33904
11,7618.90909091,197.47242,100.0,324018.33904
12,7586.83333333,216.9404,100.0,324018.33904
13,7580.38461538,209.6233,100.0,324018.33904
14,7575.21428571,202.85645,100.0,324018.33904
15,7573.6,196.07101,100.0,324018.33904
16,7568.75,190.77195,100.0,324018.33904
17,7592.11764706,207.33998,100.0,324018.33904
18,7585.05555556,203.59122,100.0,324018.33904
19,7594.42105263,202.10558,100.0,324018.33904
20,7621.4,229.42044,100.0,324018.33904
21,7622.57142857,223.95271,100.0,324018.33904
22,7625.36363636,219.1775,100.0,324018.33904
23,7620.08695652,215.78389,100.0,324018.33904
24,7618.58333333,211.36361,100.0,324018.33904
25,7619.16,207.11247,100.0,324018.33904
26,7624.80769231,205.04428,100.0,324018.33904
27,7619.85185185,202.79194,100.0,324018.33904
28,7620.17857143,199.14497,100.0,324018.33904
29,7625.4137931,197.63246,100.0,324018.33904
30,7625.63333333,194.31426,100.0,324018.33904
31,7622.32258065,192.01267,100.0,324018.33904
32,7623.46875,189.09637,100.0,324018.33904
33,7630.75757576,190.71954,100.0,324018.33904
34,7631.47058824,187.93854,100.0,324018.33904
35,7633.62857143,185.66115,100.0,324018.33904
36,7635.61111111,183.43971,100.0,324018.33904
37,7632.05405405,182.19813,100.0,324018.33904
38,7628.36842105,181.17721,100.0,324018.33904
39,7632.30769231,180.48043,100.0,324018.33904
40,7635.875,179.59721,100.0,324018.33904
41,7626.26829268,187.51,100.0,324018.33904
42,7632.95238095,190.14367,100.0,324018.33904
43,7638.1627907,190.92942,100.0,324018.33904
44,7636.81818182,188.95313,100.0,324018.33904
45,7637.86666667,186.97125,100.0,324018.33904
46,7636.15217391,185.28509,100.0,324018.33904
47,7637.89361702,183.6835,100.0,324018.33904
48,7640.75,182.81189,100.0,324018.33904
49,7634.85714286,185.48579,100.0,324018.33904
50,7625.14,195.81522,100.0,324018.33904
51,7625.98039216,193.977,100.0,324018.33904
52,7627.13461538,192.27955,100.0,324018.33904
53,7621.01886792,195.49622,100.0,324018.33904
54,7627.03703704,198.57138,100.0,324018.33904
55,7629.83636364,197.8303,100.0,324018.33904
56,7622.66071429,203.14995,100.0,324018.33904
57,7622.68421053,201.36013,100.0,324018.33904
58,7628.67241379,204.67235,100.0,324018.33904
59,7628.44067797,202.9381,100.0,324018.33904
60,7633.93333333,205.61484,100.0,324018.33904
61,7633.7704918,203.92641,100.0,324018.33904
62,7640.09677419,208.22241,100.0,324018.33904
63,7641.33333333,206.79259,100.0,324018.33904
64,7645.921875,208.37813,100.0,324018.33904
65,7643.2,207.91242,100.0,324018.33904
66,7635.03030303,216.5894,100.0,324018.33904
67,7630.76119403,217.74681,100.0,324018.33904
68,7628.82352941,216.72095,100.0,324018.33904
69,7624.10144928,218.64021,100.0,324018.33904
70,7631.17142857,224.87679,100.0,324018.33904
71,7632.95774648,223.78715,100.0,324018.33904
72,7633.72222222,222.32098,100.0,324018.33904
73,7634.0,220.80556,100.0,324018.33904
74,7632.32432432,219.77538,100.0,324018.33904
75,7634.24,218.9264,100.0,324018.33904
76,7634.23684211,217.48133,100.0,324018.33904
77,7636.71428571,217.14128,100.0,324018.33904
78,7637.47435897,215.84792,100.0,324018.33904
79,7636.75949367,214.57035,100.0,324018.33904
80,7636.875,213.22754,100.0,324018.33904
81,7640.13580247,213.90489,100.0,324018.33904
82,7641.63414634,213.02385,100.0,324018.33904
83,7643.89156627,212.72115,100.0,324018.33904
84,7643.08333333,211.57933,100.0,324018.33904
85,7643.05882353,210.33119,100.0,324018.33904
86,7644.73255814,209.67336,100.0,324018.33904
87,7640.73563218,211.73446,100.0,324018.33904
88,7641.76136364,210.74527,100.0,324018.33904
89,7636.70786517,214.85314,100.0,324018.33904
90,7635.68888889,213.87232,100.0,324018.33904
91,7634.42857143,213.02975,100.0,324018.33904
92,7636.86956522,213.14458,100.0,324018.33904
93,7632.2688172,216.53975,100.0,324018.33904
94,7631.57446809,215.48893,100.0,324018.33904
95,7626.50526316,219.91404,100.0,324018.33904
96,7625.02083333,219.24359,100.0,324018.33904
97,7622.24742268,219.79677,100.0,324018.33904
98,7620.63265306,219.25004,100.0,324018.33904
99,7622.76767677,219.16143,100.0,324018.33904
100,7621.83,218.26237,100.0,324018.33904
101,7624.58415842,218.91855,100.0,324018.33904
102,7621.7745098,219.66516,100.0,324018.33904
103,7621.81553398,218.59662,100.0,324018.33904
104,7623.58653846,218.28438,100.0,324018.33904
105,7623.68571429,217.2448,100.0,324018.33904
106,7625.0,216.63664,100.0,324018.33904
107,7624.68224299,215.64676,100.0,324018.33904
108,7626.44444444,215.41869,100.0,324018.33904
109,7628.02752294,215.05845,100.0,324018.33904
110,7627.64545455,214.11584,100.0,324018.33904
111,7630.0990991,214.69702,100.0,324018.33904
112,7628.84821429,214.14232,100.0,324018.33904
113,7628.61946903,213.20642,100.0,324018.33904
114,7627.54385965,212.57697,100.0,324018.33904
115,7626.68695652,211.84836,100.0,324018.33904
116,7626.62068966,210.93444,100.0,324018.33904
117,7625.77777778,210.22719,100.0,324018.33904
118,7625.83898305,209.33555,100.0,324018.33904
119,7627.57983193,209.31013,100.0,324018.33904
120,7627.875,208.46105,100.0,324018.33904
121,7628.84297521,207.86848,100.0,324018.33904
122,7629.32786885,207.08351,100.0,324018.33904
123,7629.39837398,206.24146,100.0,324018.33904
124,7628.11290323,205.90231,100.0,324018.33904
125,7629.784,205.91958,100.0,324018.33904
126,7630.66666667,205.33809,100.0,324018.33904
127,7630.39370079,204.55102,100.0,324018.33904
128,7628.25,205.17763,100.0,324018.33904
129,7629.7751938,205.10796,100.0,324018.33904
130,7630.13076923,204.35747,100.0,324018.33904
131,7633.75572519,207.7292,100.0,324018.33904
132,7636.32575758,209.021,100.0,324018.33904
133,7634.7593985,209.00992,100.0,324018.33904
134,7631.70149254,211.19373,100.0,324018.33904
135,7630.82222222,210.65611,100.0,324018.33904
136,7632.5,210.78359,100.0,324018.33904
137,7633.84671533,210.59931,100.0,324018.33904
138,7634.2826087,209.8969,100.0,324018.33904
139,7632.23021583,210.52566,100.0,324018.33904
140,7633.7,210.48694,100.0,324018.33904
141,7633.92198582,209.75565,100.0,324018.33904
142,7634.83098592,209.29429,100.0,324018.33904
143,7634.06293706,208.76193,100.0,324018.33904
144,7634.76388889,208.20459,100.0,324018.33904
145,7634.0137931,207.68056,100.0,324018.33904
146,7631.89041096,208.54151,100.0,324018.33904
147,7635.75510204,213.01255,100.0,324018.33904
148,7635.54054054,212.30764,100.0,324018.33904
149,7635.69798658,211.60266,100.0,324018.33904
150,7635.09333333,211.02525,100.0,324018.33904
151,7633.28476821,211.48849,100.0,324018.33904
152,7633.84868421,210.90553,100.0,324018.33904
153,7633.99346405,210.22274,100.0,324018.33904
154,7635.01298701,209.91823,100.0,324018.33904
155,7635.87741935,209.51478,100.0,324018.33904
156,7634.83974359,209.24138,100.0,324018.33904
157,7634.58598726,208.59802,100.0,324018.33904
158,7637.55063291,211.22885,100.0,324018.33904
159,7636.02515723,211.43484,100.0,324018.33904
160,7635.51875,210.86978,100.0,324018.33904
161,7634.32919255,210.75171,100.0,324018.33904
162,7632.77777778,211.02042,100.0,324018.33904
163,7632.09202454,210.55311,100.0,324018.33904
164,7632.74390244,210.07512,100.0,324018.33904
165,7633.23030303,209.53017,100.0,324018.33904
166,7633.59036145,208.9493,100.0,324018.33904
167,7635.56886228,209.87657,100.0,324018.33904
168,7636.98214286,210.04652,100.0,324018.33904
169,7636.73372781,209.44891,100.0,324018.33904
170,7637.15294118,208.90307,100.0,324018.33904
171,7636.66666667,208.38782,100.0,324018.33904
172,7636.10465116,207.9111,100.0,324018.33904
173,7635.95375723,207.31877,100.0,324018.33904
174,7636.03448276,206.7249,100.0,324018.33904
175,7635.31428571,206.35221,100.0,324018.33904
176,7633.25568182,207.55943,100.0,324018.33904
177,7632.83615819,207.04709,100.0,324018.33904
178,7630.73595506,208.34679,100.0,324018.33904
179,7631.08938547,207.8175,100.0,324018.33904
180,7632.35555556,207.93064,100.0,324018.33904
181,7634.74033149,209.80937,100.0,324018.33904
182,7636.10989011,210.04191,100.0,324018.33904
183,7638.59562842,212.13459,100.0,324018.33904
184,7639.95108696,212.35049,100.0,324018.33904
185,7639.59459459,211.831,100.0,324018.33904
186,7640.12903226,211.38581,100.0,324018.33904
187,7639.37433155,211.07096,100.0,324018.33904
188,7640.73404255,211.32843,100.0,324018.33904
189,7640.82010582,210.77192,100.0,324018.33904
190,7640.90526316,210.21979,100.0,324018.33904
191,7641.69633508,209.95211,100.0,324018.33904
192,7640.671875,209.88273,100.0,324018.33904
193,7639.10880829,210.45572,100.0,324018.33904
194,7638.50515464,210.08006,100.0,324018.33904
195,7637.7025641,209.83868,100.0,324018.33904
196,7638.45918367,209.5692,100.0,324018.33904
197,7639.05076142,209.20062,100.0,324018.33904
198,7639.31818182,208.70542,100.0,324018.33904
199,7638.54271357,208.46615,100.0,324018.33904
200,7637.785,208.21887,100.0,324018.33904
201,7637.02985075,207.97464,100.0,324018.33904
202,7635.64851485,208.38151,100.0,324018.33904
203,7635.27093596,207.93688,100.0,324018.33904
204,7634.74019608,207.56439,100.0,324018.33904
205,7635.75609756,207.5653,100.0,324018.33904
206,7635.13106796,207.25419,100.0,324018.33904
207,7634.80676329,206.80536,100.0,324018.33904
208,7634.65384615,206.31936,100.0,324018.33904
209,7634.0861244,205.98797,100.0,324018.33904
210,7633.60952381,205.61242,100.0,324018.33904
211,7632.9478673,205.34858,100.0,324018.33904
212,7633.14150943,204.88301,100.0,324018.33904
213,7633.88732394,204.68975,100.0,324018.33904
214,7633.0046729,204.61684,100.0,324018.33904
215,7631.85116279,204.83667,100.0,324018.33904
216,7632.77777778,204.81312,100.0,324018.33904
217,7632.85714286,204.34398,100.0,324018.33904
218,7631.8853211,204.37677,100.0,324018.33904
219,7631.23287671,204.13704,100.0,324018.33904
220,7631.85454545,203.88024,100.0,324018.33904
221,7632.53393665,203.66789,100.0,324018.33904
222,7632.13063063,203.29709,100.0,324018.33904
223,7631.66816143,202.95776,100.0,324018.33904
224,7630.81696429,202.90277,100.0,324018.33904
225,7629.88,202.93646,100.0,324018.33904
226,7629.84070796,202.48785,100.0,324018.33904
227,7629.5814978,202.07892,100.0,324018.33904
228,7630.22807018,201.87047,100.0,324018.33904
229,7629.38427948,201.83177,100.0,324018.33904
230,7630.28695652,201.85525,100.0,324018.33904
231,7629.25974026,202.01942,100.0,324018.33904
232,7629.53017241,201.62546,100.0,324018.33904
233,7630.69527897,201.97348,100.0,324018.33904
234,7629.01709402,203.16287,100.0,324018.33904
235,7630.64255319,204.24928,100.0,324018.33904
236,7629.69491525,204.33314,100.0,324018.33904
237,7628.81012658,204.35415,100.0,324018.33904
238,7628.58823529,203.95299,100.0,324018.33904
239,7628.89121339,203.57953,100.0,324018.33904
240,7628.93333333,203.156,100.0,324018.33904
241,7629.87136929,203.25424,100.0,324018.33904
242,7629.09917355,203.18779,100.0,324018.33904
243,7628.37860082,203.07889,100.0,324018.33904
244,7629.04918033,202.93172,100.0,324018.33904
245,7629.27346939,202.54746,100.0,324018.33904
246,7629.05284553,202.16485,100.0,324018.33904
247,7628.36437247,202.04396,100.0,324018.33904
248,7628.16935484,201.6595,100.0,324018.33904
249,7628.6064257,201.37182,100.0,324018.33904
250,7629.492,201.45392,100.0,324018.33904
251,7628.35458167,201.85496,100.0,324018.33904
252,7628.45634921,201.46051,100.0,324018.33904
253,7629.45849802,201.69035,100.0,324018.33904
254,7628.48818898,201.88374,100.0,324018.33904
255,7627.97254902,201.65502,100.0,324018.33904
256,7628.58203125,201.49597,100.0,324018.33904
257,7629.68093385,201.87072,100.0,324018.33904
258,7630.22868217,201.67038,100.0,324018.33904
259,7629.49034749,201.62976,100.0,324018.33904
260,7630.81153846,202.36178,100.0,324018.33904
261,7631.69731801,202.47813,100.0,324018.33904
262,7630.79770992,202.61327,100.0,324018.33904
263,7630.70722433,202.23301,100.0,324018.33904
264,7629.64772727,202.57962,100.0,324018.33904
265,7628.74716981,202.72578,100.0,324018.33904
266,7629.87218045,203.17145,100.0,324018.33904
267,7629.50561798,202.87873,100.0,324018.33904
268,7628.48134328,203.19035,100.0,324018.33904
269,7629.27137546,203.22428,100.0,324018.33904
270,7627.9962963,203.92276,100.0,324018.33904
271,7626.9704797,204.24291,100.0,324018.33904
272,7626.38970588,204.09118,100.0,324018.33904
273,7626.20879121,203.73889,100.0,324018.33904
274,7626.81021898,203.6094,100.0,324018.33904
275,7625.19272727,204.99487,100.0,324018.33904
276,7625.82971014,204.89563,100.0,324018.33904
277,7626.71841155,205.05766,100.0,324018.33904
278,7626.61151079,204.69625,100.0,324018.33904
279,7625.64516129,204.96336,100.0,324018.33904
280,7627.16071429,206.15717,100.0,324018.33904
281,7627.20996441,205.79166,100.0,324018.33904
282,7626.62411348,205.66107,100.0,324018.33904
283,7625.204947,206.67602,100.0,324018.33904
284,7625.43309859,206.34753,100.0,324018.33904
285,7626.51578947,206.79171,100.0,324018.33904
286,7626.75174825,206.4683,100.0,324018.33904
287,7627.31358885,206.32718,100.0,324018.33904
288,7628.32291667,206.67721,100.0,324018.33904
289,7629.02768166,206.6657,100.0,324018.33904
290,7629.22068966,206.33516,100.0,324018.33904
291,7628.59106529,206.25921,100.0,324018.33904
292,7628.99315068,206.01993,100.0,324018.33904
293,7628.6109215,205.77175,100.0,324018.33904
294,7628.94217687,205.49974,100.0,324018.33904
295,7627.8779661,205.96106,100.0,324018.33904
296,7628.68243243,206.07659,100.0,324018.33904
297,7628.5016835,205.75287,100.0,324018.33904
298,7628.22483221,205.46276,100.0,324018.33904
299,7628.41471572,205.14508,100.0,324018.33904
300,7628.02,204.91658,100.0,324018.33904
301,7628.13289037,204.58525,100.0,324018.33904
302,7629.45033113,205.5212,100.0,324018.33904
303,7628.71287129,205.58162,100.0,324018.33904
304,7628.73355263,205.24353,100.0,324018.33904
305,7629.48852459,205.32917,100.0,324018.33904
306,7628.79738562,205.34843,100.0,324018.33904
307,7628.18892508,205.28982,100.0,324018.33904
308,7629.55519481,206.3496,100.0,324018.33904
309,7630.08414239,206.22447,100.0,324018.33904
310,7628.73870968,207.24548,100.0,324018.33904
311,7628.77813505,206.91319,100.0,324018.33904
312,7629.41666667,206.88801,100.0,324018.33904
313,7628.91054313,206.75062,100.0,324018.33904
314,7627.72929936,207.47633,100.0,324018.33904
315,7627.06031746,207.48566,100.0,324018.33904
316,7627.21202532,207.17459,100.0,324018.33904
317,7626.99369085,206.88397,100.0,324018.33904
318,7625.99371069,207.32431,100.0,324018.33904
319,7625.89968652,207.00589,100.0,324018.33904
320,7625.584375,206.7589,100.0,324018.33904
321,7625.53894081,206.43819,100.0,324018.33904
322,7625.88509317,206.21067,100.0,324018.33904
323,7623.87306502,209.03284,100.0,324018.33904
324,7623.45987654,208.84208,100.0,324018.33904
325,7623.18461538,208.57939,100.0,324018.33904
326,7623.56134969,208.36995,100.0,324018.33904
327,7624.03058104,208.22353,100.0,324018.33904
328,7624.3445122,207.98336,100.0,324018.33904
329,7624.72036474,207.77857,100.0,324018.33904
330,7625.77878788,208.34989,100.0,324018.33904
331,7626.04229607,208.08999,100.0,324018.33904
332,7625.59036145,207.93898,100.0,324018.33904
333,7626.02402402,207.77683,100.0,324018.33904
334,7626.07185629,207.46739,100.0,324018.33904
335,7625.89253731,207.18343,100.0,324018.33904
336,7625.38095238,207.08669,100.0,324018.33904
337,7625.81008902,206.92878,100.0,324018.33904
338,7626.4852071,206.9938,100.0,324018.33904
339,7626.73746313,206.7403,100.0,324018.33904
340,7626.46176471,206.49844,100.0,324018.33904
341,7626.61290323,206.21427,100.0,324018.33904
342,7625.52339181,206.89312,100.0,324018.33904
343,7626.41399417,207.24679,100.0,324018.33904
344,7626.88662791,207.13038,100.0,324018.33904
345,7626.64927536,206.87682,100.0,324018.33904
346,7627.21676301,206.84639,100.0,324018.33904
347,7627.95965418,207.00986,100.0,324018.33904
348,7628.75,207.23584,100.0,324018.33904
349,7628.34383954,207.07739,100.0,324018.33904
350,7627.64285714,207.1956,100.0,324018.33904
351,7627.38746439,206.9554,100.0,324018.33904
352,7626.42613636,207.44454,100.0,324018.33904
353,7627.35977337,207.88978,100.0,324018.33904
354,7627.05932203,207.67268,100.0,324018.33904
355,7626.70422535,207.48757,100.0,324018.33904
356,7627.10674157,207.3347,100.0,324018.33904
357,7627.26330532,207.06519,100.0,324018.33904
358,7627.68156425,206.92675,100.0,324018.33904
359,7627.1643454,206.86996,100.0,324018.33904
360,7625.90833333,207.94867,100.0,324018.33904
361,7625.9501385,207.66197,100.0,324018.33904
362,7626.49723757,207.63531,100.0,324018.33904
363,7626.42699725,207.35342,100.0,324018.33904
364,7627.24725275,207.6573,100.0,324018.33904
365,7627.39178082,207.39097,100.0,324018.33904
366,7627.07650273,207.19503,100.0,324018.33904
367,7626.82833787,206.96702,100.0,324018.33904
368,7627.20652174,206.81256,100.0,324018.33904
369,7627.69918699,206.74826,100.0,324018.33904
370,7627.61351351,206.47524,100.0,324018.33904
371,7628.64690027,207.15268,100.0,324018.33904
372,7628.99193548,206.98079,100.0,324018.33904
373,7629.02949062,206.70441,100.0,324018.33904
374,7628.47593583,206.70454,100.0,324018.33904
375,7628.13066667,206.53672,100.0,324018.33904
376,7628.34308511,206.3029,100.0,324018.33904
377,7627.76923077,206.32938,100.0,324018.33904
378,7627.73280423,206.05749,100.0,324018.33904
379,7627.45118734,205.85829,100.0,324018.33904
380,7627.70789474,205.64798,100.0,324018.33904
381,7627.832021,205.39217,100.0,324018.33904
382,7627.54188482,205.20132,100.0,324018.33904
383,7627.10443864,205.11153,100.0,324018.33904
384,7626.26302083,205.50508,100.0,324018.33904
385,7627.02337662,205.77816,100.0,324018.33904
386,7627.16839378,205.53113,100.0,324018.33904
387,7627.37209302,205.30443,100.0,324018.33904
388,7627.90721649,205.30975,100.0,324018.33904
389,7627.88174807,205.0463,100.0,324018.33904
390,7627.43076923,204.97633,100.0,324018.33904
391,7627.07928389,204.83169,100.0,324018.33904
392,7626.96683673,204.58234,100.0,324018.33904
393,7625.8778626,205.45631,100.0,324018.33904
394,7625.99746193,205.20911,100.0,324018.33904
395,7626.92911392,205.78181,100.0,324018.33904
396,7626.00757576,206.33629,100.0,324018.33904
397,7624.95465995,207.1387,100.0,324018.33904
398,7624.83165829,206.89283,100.0,324018.33904
399,7624.31328321,206.89203,100.0,324018.33904
400,7623.6675,207.0355,100.0,324018.33904
401,7624.20448878,207.0559,100.0,324018.33904
402,7624.54477612,206.91045,100.0,324018.33904
403,7623.89081886,207.06912,100.0,324018.33904
404,7623.00247525,207.58015,100.0,324018.33904
405,7623.16296296,207.34881,100.0,324018.33904
406,7623.16502463,207.0933,100.0,324018.33904
407,7623.77886978,207.20821,100.0,324018.33904
408,7624.01470588,207.00881,100.0,324018.33904
409,7623.95843521,206.75871,100.0,324018.33904
410,7623.71463415,206.56527,100.0,324018.33904
411,7623.24574209,206.53216,100.0,324018.33904
412,7623.07281553,206.31115,100.0,324018.33904
413,7622.83292978,206.11875,100.0,324018.33904
414,7622.94202899,205.8816,100.0,324018.33904
415,7623.66024096,206.152,100.0,324018.33904
416,7622.72115385,206.79089,100.0,324018.33904
417,7623.36930456,206.96542,100.0,324018.33904
418,7623.27033493,206.72758,100.0,324018.33904
419,7621.61575179,209.23344,100.0,324018.33904
420,7622.71904762,210.20093,100.0,324018.33904
421,7622.51781473,209.99164,100.0,324018.33904
422,7622.60900474,209.75103,100.0,324018.33904
423,7623.23167849,209.89308,100.0,324018.33904
424,7622.55188679,210.11111,100.0,324018.33904
425,7623.16941176,210.24864,100.0,324018.33904
426,7623.20657277,210.00312,100.0,324018.33904
427,7623.31850117,209.76979,100.0,324018.33904
428,7623.19392523,209.5404,100.0,324018.33904
429,7623.62470862,209.4857,100.0,324018.33904
430,7623.65116279,209.24269,100.0,324018.33904
431,7622.90951276,209.56488,100.0,324018.33904
432,7622.81944444,209.33054,100.0,324018.33904
433,7622.80369515,209.08893,100.0,324018.33904
434,7622.70967742,208.85707,100.0,324018.33904
435,7622.43908046,208.69302,100.0,324018.33904
436,7623.29587156,209.2181,100.0,324018.33904
437,7622.70022883,209.34836,100.0,324018.33904
438,7623.09360731,209.27088,100.0,324018.33904
439,7622.99544419,209.04249,100.0,324018.33904
440,7622.66590909,208.91893,100.0,324018.33904
441,7622.26303855,208.85296,100.0,324018.33904
442,7623.58144796,210.44576,100.0,324018.33904
443,7623.79232506,210.25485,100.0,324018.33904
444,7623.94144144,210.0414,100.0,324018.33904
445,7623.51235955,209.99998,100.0,324018.33904
446,7622.91479821,210.14284,100.0,324018.33904
447,7623.45190157,210.2139,100.0,324018.33904
448,7623.42633929,209.97985,100.0,324018.33904
449,7622.34966592,210.98027,100.0,324018.33904
450,7622.78,210.94289,100.0,324018.33904
451,7622.42572062,210.84289,100.0,324018.33904
452,7621.84955752,210.96466,100.0,324018.33904
453,7621.46799117,210.88776,100.0,324018.33904
454,7621.77973568,210.75985,100.0,324018.33904
455,7622.24175824,210.75816,100.0,324018.33904
456,7622.38377193,210.54873,100.0,324018.33904
457,7622.56455142,210.35367,100.0,324018.33904
458,7623.04366812,210.37338,100.0,324018.33904
459,7623.16339869,210.15971,100.0,324018.33904
460,7623.36521739,209.97567,100.0,324018.33904
461,7622.75488069,210.15589,100.0,324018.33904
462,7622.54761905,209.97549,100.0,324018.33904
463,7622.06479482,210.00519,100.0,324018.33904
464,7622.13362069,209.784,100.0,324018.33904
465,7622.54623656,209.7467,100.0,324018.33904
466,7622.37982833,209.55226,100.0,324018.33904
467,7621.41970021,210.35137,100.0,324018.33904
468,7621.91880342,210.40315,100.0,324018.33904
469,7622.52452026,210.5868,100.0,324018.33904
470,7622.83617021,210.47089,100.0,324018.33904
471,7622.66454352,210.28026,100.0,324018.33904
472,7623.17372881,210.34786,100.0,324018.33904
473,7623.82029598,210.5944,100.0,324018.33904
474,7623.92827004,210.38524,100.0,324018.33904
475,7623.70105263,210.22188,100.0,324018.33904
476,7624.01680672,210.11366,100.0,324018.33904
477,7624.35429769,210.02242,100.0,324018.33904
478,7623.90167364,210.03537,100.0,324018.33904
479,7624.54070981,210.28067,100.0,324018.33904
480,7624.17083333,210.21744,100.0,324018.33904
481,7624.20997921,210.00055,100.0,324018.33904
482,7623.98755187,209.83931,100.0,324018.33904
483,7623.54451346,209.84751,100.0,324018.33904
484,7623.40082645,209.6544,100.0,324018.33904
485,7623.06804124,209.56607,100.0,324018.33904
486,7623.24485597,209.38657,100.0,324018.33904
487,7623.53182752,209.26713,100.0,324018.33904
488,7624.49795082,210.137,100.0,324018.33904
489,7625.35173824,210.76761,100.0,324018.33904
490,7624.86734694,210.82472,100.0,324018.33904
491,7624.9592668,210.61975,100.0,324018.33904
492,7624.41666667,210.74884,100.0,324018.33904
493,7624.39350913,210.53561,100.0,324018.33904
494,7624.36234818,210.32355,100.0,324018.33904
495,7624.86868687,210.41217,100.0,324018.33904
496,7624.75604839,210.21489,100.0,324018.33904
497,7624.40241449,210.15094,100.0,324018.33904
498,7623.51807229,210.86351,100.0,324018.33904
499,7623.61723447,210.66374,100.0,324018.33904
500,7623.59,210.45385,100.0,324018.33904
