simulation,sample_comp_mean,sample_comp_std,correctness,theta_dist
1,7448.0,0.0,100.0,359815.80248
2,7623.5,175.5,100.0,359815.80248
3,7563.0,166.89518,100.0,359815.80248
4,7612.0,167.61116,100.0,359815.80248
5,7569.2,172.63302,100.0,359815.80248
6,7586.33333333,162.18165,100.0,359815.80248
7,7607.14285714,158.56718,100.0,359815.80248
8,7577.0,168.4065,100.0,359815.80248
9,7601.66666667,173.42754,100.0,359815.80248
10,7599.8,164.62308,100.0,359815.80248
11,7630.36363636,184.33234,100.0,359815.80248
12,7632.75,176.66217,100.0,359815.80248
13,7638.84615385,171.04019,100.0,359815.80248
14,7639.35714286,164.82875,100.0,359815.80248
15,7658.33333333,174.35201,100.0,359815.80248
16,7640.375,182.58213,100.0,359815.80248
17,7622.76470588,190.62329,100.0,359815.80248
18,7600.44444444,206.85213,100.0,359815.80248
19,7592.42105263,204.19246,100.0,359815.80248
20,7596.95,199.99887,100.0,359815.80248
21,7587.23809524,199.95307,100.0,359815.80248
22,7600.0,203.92178,100.0,359815.80248
23,7601.43478261,199.55294,100.0,359815.80248
24,7590.41666667,202.37175,100.0,359815.80248
25,7593.28,198.77857,100.0,359815.80248
26,7583.46153846,201.00559,100.0,359815.80248
27,7590.37037037,200.36932,100.0,359815.80248
28,7579.42857143,204.80852,100.0,359815.80248
29,7570.93103448,206.20845,100.0,359815.80248
30,7568.13333333,203.30154,100.0,359815.80248
31,7564.06451613,201.23344,100.0,359815.80248
32,7555.40625,203.84643,100.0,359815.80248
33,7551.3030303,202.07162,100.0,359815.80248
34,7552.91176471,199.29218,100.0,359815.80248
35,7559.17142857,199.78696,100.0,359815.80248
36,7547.55555556,208.63504,100.0,359815.80248
37,7545.05405405,206.34292,100.0,359815.80248
38,7542.23684211,204.32964,100.0,359815.80248
39,7545.23076923,202.53565,100.0,359815.80248
40,7548.95,201.33218,100.0,359815.80248
41,7553.26829268,200.72843,100.0,359815.80248
42,7553.11904762,198.32671,100.0,359815.80248
43,7554.30232558,196.15698,100.0,359815.80248
44,7554.29545455,193.91511,100.0,359815.80248
45,7555.35555556,191.87729,100.0,359815.80248
46,7557.47826087,190.31367,100.0,359815.80248
47,7558.14893617,188.33311,100.0,359815.80248
48,7551.14583333,192.44599,100.0,359815.80248
49,7548.48979592,191.35896,100.0,359815.80248
50,7547.1,189.68534,100.0,359815.80248
51,7546.68627451,187.83926,100.0,359815.80248
52,7547.48076923,186.11085,100.0,359815.80248
53,7546.49056604,184.48497,100.0,359815.80248
54,7543.42592593,184.12552,100.0,359815.80248
55,7544.69090909,182.68063,100.0,359815.80248
56,7548.28571429,182.99461,100.0,359815.80248
57,7556.29824561,191.03605,100.0,359815.80248
58,7553.96551724,190.19917,100.0,359815.80248
59,7548.55932203,193.02264,100.0,359815.80248
60,7547.73333333,191.51248,100.0,359815.80248
61,7545.70491803,190.58498,100.0,359815.80248
62,7546.62903226,189.17949,100.0,359815.80248
63,7548.3015873,188.13358,100.0,359815.80248
64,7546.8125,187.03182,100.0,359815.80248
65,7541.09230769,191.14616,100.0,359815.80248
66,7545.56060606,193.08297,100.0,359815.80248
67,7548.59701493,193.21777,100.0,359815.80248
68,7552.5,194.43436,100.0,359815.80248
69,7550.44927536,193.75964,100.0,359815.80248
70,7550.21428571,192.38057,100.0,359815.80248
71,7548.84507042,191.36416,100.0,359815.80248
72,7547.875,190.20632,100.0,359815.80248
73,7552.49315068,192.92075,100.0,359815.80248
74,7549.68918919,193.10464,100.0,359815.80248
75,7551.66666667,192.56579,100.0,359815.80248
76,7550.51315789,191.55537,100.0,359815.80248
77,7551.85714286,190.66777,100.0,359815.80248
78,7551.61538462,189.45348,100.0,359815.80248
79,7549.15189873,189.50369,100.0,359815.80248
80,7549.1,188.31613,100.0,359815.80248
81,7549.45679012,187.17728,100.0,359815.80248
82,7553.14634146,188.97278,100.0,359815.80248
83,7552.14457831,188.04986,100.0,359815.80248
84,7550.77380952,187.34386,100.0,359815.80248
85,7553.37647059,187.75998,100.0,359815.80248
86,7550.04651163,189.17298,100.0,359815.80248
87,7549.74712644,188.10313,100.0,359815.80248
88,7552.26136364,188.49581,100.0,359815.80248
89,7552.48314607,187.4454,100.0,359815.80248
90,7554.56666667,187.43461,100.0,359815.80248
91,7558.53846154,190.17212,100.0,359815.80248
92,7559.70652174,189.46369,100.0,359815.80248
93,7557.79569892,189.33151,100.0,359815.80248
94,7556.89361702,188.52256,100.0,359815.80248
95,7555.14736842,188.29042,100.0,359815.80248
96,7556.625,187.86006,100.0,359815.80248
97,7555.27835052,187.35438,100.0,359815.80248
98,7553.12244898,187.60152,100.0,359815.80248
99,7553.97979798,186.8445,100.0,359815.80248
100,7558.76,191.89565,100.0,359815.80248
101,7558.77227723,190.94335,100.0,359815.80248
102,7559.37254902,190.10079,100.0,359815.80248
103,7561.67961165,190.60523,100.0,359815.80248
104,7559.35576923,191.14719,100.0,359815.80248
105,7556.97142857,191.78249,100.0,359815.80248
106,7557.67924528,191.01346,100.0,359815.80248
107,7559.60747664,191.15247,100.0,359815.80248
108,7558.85185185,190.42593,100.0,359815.80248
109,7557.86238532,189.82911,100.0,359815.80248
110,7558.79090909,189.21278,100.0,359815.80248
111,7557.54054054,188.8145,100.0,359815.80248
112,7557.71428571,187.9786,100.0,359815.80248
113,7557.05309735,187.27576,100.0,359815.80248
114,7556.68421053,186.49379,100.0,359815.80248
115,7556.50434783,185.69111,100.0,359815.80248
116,7555.39655172,185.27025,100.0,359815.80248
117,7558.2991453,187.10691,100.0,359815.80248
118,7558.83050847,186.40103,100.0,359815.80248
119,7556.84033613,186.87092,100.0,359815.80248
120,7554.70833333,187.53837,100.0,359815.80248
121,7554.69421488,186.76187,100.0,359815.80248
122,7557.1557377,187.95544,100.0,359815.80248
123,7558.27642276,187.59866,100.0,359815.80248
124,7556.7016129,187.65523,100.0,359815.80248
125,7557.656,187.205,100.0,359815.80248
126,7559.73015873,187.89715,100.0,359815.80248
127,7561.94488189,188.79983,100.0,359815.80248
128,7563.21875,188.60802,100.0,359815.80248
129,7563.65116279,187.93924,100.0,359815.80248
130,7563.43076923,187.23173,100.0,359815.80248
131,7565.22900763,187.63927,100.0,359815.80248
132,7567.46969697,188.67823,100.0,359815.80248
133,7565.06766917,189.98267,100.0,359815.80248
134,7566.99253731,190.56979,100.0,359815.80248
135,7566.46666667,189.96022,100.0,359815.80248
136,7565.78676471,189.42535,100.0,359815.80248
137,7563.91240876,189.99433,100.0,359815.80248
138,7563.15942029,189.50975,100.0,359815.80248
139,7565.10791367,190.20911,100.0,359815.80248
140,7565.78571429,189.69697,100.0,359815.80248
141,7568.86524823,192.50304,100.0,359815.80248
142,7569.05633803,191.83744,100.0,359815.80248
143,7568.25174825,191.40578,100.0,359815.80248
144,7568.76388889,190.83832,100.0,359815.80248
145,7567.86896552,190.48208,100.0,359815.80248
146,7568.2260274,189.87731,100.0,359815.80248
147,7568.85034014,189.38067,100.0,359815.80248
148,7567.43918919,189.51368,100.0,359815.80248
149,7567.55704698,188.8821,100.0,359815.80248
150,7569.67333333,190.0156,100.0,359815.80248
151,7568.88741722,189.62981,100.0,359815.80248
152,7567.90789474,189.38788,100.0,359815.80248
153,7566.90849673,189.16965,100.0,359815.80248
154,7568.13636364,189.16515,100.0,359815.80248
155,7569.52903226,189.34435,100.0,359815.80248
156,7567.73076923,190.05972,100.0,359815.80248
157,7567.81528662,189.45641,100.0,359815.80248
158,7568.17088608,188.90846,100.0,359815.80248
159,7568.93710692,188.55961,100.0,359815.80248
160,7568.50625,188.04793,100.0,359815.80248
161,7567.57142857,187.83559,100.0,359815.80248
162,7567.2037037,187.31307,100.0,359815.80248
163,7566.88343558,186.78209,100.0,359815.80248
164,7566.26829268,186.37731,100.0,359815.80248
165,7566.78787879,185.93077,100.0,359815.80248
166,7566.20481928,185.52113,100.0,359815.80248
167,7565.71257485,185.07354,100.0,359815.80248
168,7565.97619048,184.55335,100.0,359815.80248
169,7565.28994083,184.22139,100.0,359815.80248
170,7567.95294118,186.91271,100.0,359815.80248
171,7568.69005848,186.61303,100.0,359815.80248
172,7567.62209302,186.59312,100.0,359815.80248
173,7565.73988439,187.68346,100.0,359815.80248
174,7566.32183908,187.29984,100.0,359815.80248
175,7564.11428571,189.02042,100.0,359815.80248
176,7566.08522727,190.27748,100.0,359815.80248
177,7563.97740113,191.78875,100.0,359815.80248
178,7563.07303371,191.62736,100.0,359815.80248
179,7562.46368715,191.26419,100.0,359815.80248
180,7561.22222222,191.45401,100.0,359815.80248
181,7560.24861878,191.37071,100.0,359815.80248
182,7558.52197802,192.2528,100.0,359815.80248
183,7559.41530055,192.1052,100.0,359815.80248
184,7560.79347826,192.48747,100.0,359815.80248
185,7560.31891892,192.07443,100.0,359815.80248
186,7558.15591398,193.80345,100.0,359815.80248
187,7559.8342246,194.63513,100.0,359815.80248
188,7559.60638298,194.14179,100.0,359815.80248
189,7560.27513228,193.8445,100.0,359815.80248
190,7559.33157895,193.76839,100.0,359815.80248
191,7561.97382199,196.66237,100.0,359815.80248
192,7561.88541667,196.15337,100.0,359815.80248
193,7562.43523316,195.79281,100.0,359815.80248
194,7560.70618557,196.75929,100.0,359815.80248
195,7560.97948718,196.29104,100.0,359815.80248
196,7562.3877551,196.77479,100.0,359815.80248
197,7562.2893401,196.27956,100.0,359815.80248
198,7565.3030303,200.30055,100.0,359815.80248
199,7566.47236181,200.47303,100.0,359815.80248
200,7565.485,200.45571,100.0,359815.80248
201,7564.81094527,200.18353,100.0,359815.80248
202,7563.9950495,200.02216,100.0,359815.80248
203,7564.38916256,199.6075,100.0,359815.80248
204,7565.57352941,199.83142,100.0,359815.80248
205,7566.0097561,199.44078,100.0,359815.80248
206,7565.84951456,198.96934,100.0,359815.80248
207,7566.36231884,198.62457,100.0,359815.80248
208,7565.95192308,198.23449,100.0,359815.80248
209,7565.98086124,197.76011,100.0,359815.80248
210,7566.08571429,197.29452,100.0,359815.80248
211,7566.52606635,196.92986,100.0,359815.80248
212,7566.87264151,196.52934,100.0,359815.80248
213,7565.87323944,196.6067,100.0,359815.80248
214,7567.89719626,198.35852,100.0,359815.80248
215,7569.57674419,199.41606,100.0,359815.80248
216,7569.45833333,198.96149,100.0,359815.80248
217,7570.55760369,199.15889,100.0,359815.80248
218,7570.94954128,198.78545,100.0,359815.80248
219,7570.68493151,198.36956,100.0,359815.80248
220,7570.30909091,197.99634,100.0,359815.80248
221,7571.23076923,198.02033,100.0,359815.80248
222,7571.12162162,197.5805,100.0,359815.80248
223,7572.26008969,197.86544,100.0,359815.80248
224,7573.625,198.47266,100.0,359815.80248
225,7573.70222222,198.03449,100.0,359815.80248
226,7572.16371681,198.93894,100.0,359815.80248
227,7571.969163,198.52181,100.0,359815.80248
228,7571.20175439,198.42313,100.0,359815.80248
229,7570.0,198.81924,100.0,359815.80248
230,7572.44347826,201.8031,100.0,359815.80248
231,7571.94372294,201.50841,100.0,359815.80248
232,7571.84051724,201.07977,100.0,359815.80248
233,7571.50214592,200.71399,100.0,359815.80248
234,7571.7008547,200.30762,100.0,359815.80248
235,7571.43829787,199.92132,100.0,359815.80248
236,7569.88559322,200.91226,100.0,359815.80248
237,7569.98312236,200.49355,100.0,359815.80248
238,7569.19747899,200.43715,100.0,359815.80248
239,7569.05439331,200.02956,100.0,359815.80248
240,7568.575,199.74993,100.0,359815.80248
241,7569.43568465,199.78054,100.0,359815.80248
242,7569.75619835,199.42942,100.0,359815.80248
243,7569.25102881,199.17374,100.0,359815.80248
244,7570.03688525,199.14233,100.0,359815.80248
245,7570.43265306,198.83163,100.0,359815.80248
246,7571.44308943,199.0564,100.0,359815.80248
247,7571.60323887,198.66892,100.0,359815.80248
248,7571.87096774,198.31262,100.0,359815.80248
249,7572.69879518,198.3429,100.0,359815.80248
250,7572.136,198.14493,100.0,359815.80248
251,7572.68924303,197.94321,100.0,359815.80248
252,7572.6468254,197.55121,100.0,359815.80248
253,7570.63241107,199.73685,100.0,359815.80248
254,7570.02362205,199.57833,100.0,359815.80248
255,7570.11372549,199.1918,100.0,359815.80248
256,7568.7578125,199.978,100.0,359815.80248
257,7569.9922179,200.56339,100.0,359815.80248
258,7570.03100775,200.17529,100.0,359815.80248
259,7570.26254826,199.82309,100.0,359815.80248
260,7570.26923077,199.43847,100.0,359815.80248
261,7571.83524904,200.65128,100.0,359815.80248
262,7571.44274809,200.36835,100.0,359815.80248
263,7571.76806084,200.05637,100.0,359815.80248
264,7572.51136364,200.04064,100.0,359815.80248
265,7573.56226415,200.39165,100.0,359815.80248
266,7573.4924812,200.01784,100.0,359815.80248
267,7573.90636704,199.75701,100.0,359815.80248
268,7573.4738806,199.50918,100.0,359815.80248
269,7573.99256506,199.31895,100.0,359815.80248
270,7574.11111111,198.959,100.0,359815.80248
271,7575.0295203,199.16414,100.0,359815.80248
272,7574.13602941,199.34108,100.0,359815.80248
273,7573.44322344,199.30345,100.0,359815.80248
274,7574.94160584,200.47399,100.0,359815.80248
275,7574.81818182,200.11959,100.0,359815.80248
276,7574.95652174,199.7699,100.0,359815.80248
277,7574.96389892,199.40902,100.0,359815.80248
278,7574.0,199.69547,100.0,359815.80248
279,7574.54480287,199.54413,100.0,359815.80248
280,7575.06428571,199.37639,100.0,359815.80248
281,7574.76512456,199.08426,100.0,359815.80248
282,7575.45390071,199.06608,100.0,359815.80248
283,7576.63250883,199.6973,100.0,359815.80248
284,7575.85915493,199.76948,100.0,359815.80248
285,7574.15087719,201.48596,100.0,359815.80248
286,7572.22027972,203.75696,100.0,359815.80248
287,7572.7456446,203.59563,100.0,359815.80248
288,7573.10763889,203.33436,100.0,359815.80248
289,7573.28719723,203.00513,100.0,359815.80248
290,7571.83793103,204.14697,100.0,359815.80248
291,7571.34020619,203.97208,100.0,359815.80248
292,7572.15753425,204.0993,100.0,359815.80248
293,7572.50170648,203.83557,100.0,359815.80248
294,7571.78911565,203.85386,100.0,359815.80248
295,7571.7220339,203.51131,100.0,359815.80248
296,7571.48648649,203.20752,100.0,359815.80248
297,7570.76430976,203.24527,100.0,359815.80248
298,7570.51006711,202.95127,100.0,359815.80248
299,7570.59531773,202.61694,100.0,359815.80248
300,7571.82333333,203.39046,100.0,359815.80248
301,7572.50166113,203.39194,100.0,359815.80248
302,7572.90728477,203.17683,100.0,359815.80248
303,7574.52145215,204.77172,100.0,359815.80248
304,7573.58552632,205.08276,100.0,359815.80248
305,7574.16065574,204.9917,100.0,359815.80248
306,7574.20915033,204.65822,100.0,359815.80248
307,7575.69055375,205.96138,100.0,359815.80248
308,7575.72402597,205.62759,100.0,359815.80248
309,7574.85113269,205.86536,100.0,359815.80248
310,7573.8,206.36192,100.0,359815.80248
311,7574.97106109,207.05903,100.0,359815.80248
312,7574.49038462,206.90066,100.0,359815.80248
313,7575.93610224,208.14233,100.0,359815.80248
314,7575.02229299,208.43854,100.0,359815.80248
315,7574.93650794,208.11298,100.0,359815.80248
316,7575.40822785,207.95203,100.0,359815.80248
317,7575.76025237,207.71805,100.0,359815.80248
318,7576.26100629,207.58274,100.0,359815.80248
319,7576.2539185,207.25716,100.0,359815.80248
320,7577.1125,207.50048,100.0,359815.80248
321,7578.37071651,208.39605,100.0,359815.80248
322,7578.82608696,208.23209,100.0,359815.80248
323,7578.58204334,207.95561,100.0,359815.80248
324,7578.76851852,207.66149,100.0,359815.80248
325,7578.72923077,207.34297,100.0,359815.80248
326,7579.3190184,207.29758,100.0,359815.80248
327,7579.3088685,206.98044,100.0,359815.80248
328,7578.58231707,207.08189,100.0,359815.80248
329,7578.41945289,206.78797,100.0,359815.80248
330,7578.88484848,206.64691,100.0,359815.80248
331,7578.16616314,206.74714,100.0,359815.80248
332,7577.77710843,206.55685,100.0,359815.80248
333,7577.12612613,206.58728,100.0,359815.80248
334,7577.32934132,206.31111,100.0,359815.80248
335,7577.52537313,206.0341,100.0,359815.80248
336,7577.24107143,205.79308,100.0,359815.80248
337,7578.45697329,206.69269,100.0,359815.80248
338,7577.73964497,206.80638,100.0,359815.80248
339,7578.56047198,207.0518,100.0,359815.80248
340,7579.23529412,207.12009,100.0,359815.80248
341,7579.98240469,207.27448,100.0,359815.80248
342,7579.91520468,206.97494,100.0,359815.80248
343,7580.50145773,206.95718,100.0,359815.80248
344,7579.62790698,207.28846,100.0,359815.80248
345,7579.88115942,207.04112,100.0,359815.80248
346,7579.85549133,206.74226,100.0,359815.80248
347,7579.48991354,206.55611,100.0,359815.80248
348,7578.93965517,206.51366,100.0,359815.80248
349,7579.54154728,206.52303,100.0,359815.80248
350,7580.07428571,206.46779,100.0,359815.80248
351,7578.74074074,207.67744,100.0,359815.80248
352,7579.28409091,207.63192,100.0,359815.80248
353,7579.80169972,207.56492,100.0,359815.80248
354,7579.02259887,207.78778,100.0,359815.80248
355,7579.27605634,207.54971,100.0,359815.80248
356,7579.33988764,207.26149,100.0,359815.80248
357,7578.75630252,207.2637,100.0,359815.80248
358,7578.82402235,206.97798,100.0,359815.80248
359,7579.18941504,206.8051,100.0,359815.80248
360,7580.18333333,207.37453,100.0,359815.80248
361,7580.22714681,207.08877,100.0,359815.80248
362,7579.09668508,207.91496,100.0,359815.80248
363,7578.79063361,207.71001,100.0,359815.80248
364,7578.5521978,207.47424,100.0,359815.80248
365,7579.71780822,208.37988,100.0,359815.80248
366,7580.64754098,208.85172,100.0,359815.80248
367,7580.0599455,208.86971,100.0,359815.80248
368,7580.60869565,208.85047,100.0,359815.80248
369,7580.96205962,208.67742,100.0,359815.80248
370,7581.89189189,209.15928,100.0,359815.80248
371,7581.57681941,208.96511,100.0,359815.80248
372,7581.10752688,208.87973,100.0,359815.80248
373,7580.5844504,208.84337,100.0,359815.80248
374,7580.37433155,208.60345,100.0,359815.80248
375,7580.57333333,208.36067,100.0,359815.80248
376,7580.84042553,208.14768,100.0,359815.80248
377,7580.31564987,208.12036,100.0,359815.80248
378,7580.01322751,207.92781,100.0,359815.80248
379,7581.22163588,208.97817,100.0,359815.80248
380,7582.2,209.57034,100.0,359815.80248
381,7582.7191601,209.53967,100.0,359815.80248
382,7583.08638743,209.38795,100.0,359815.80248
383,7582.64751958,209.29027,100.0,359815.80248
384,7582.44791667,209.05408,100.0,359815.80248
385,7582.46753247,208.78275,100.0,359815.80248
386,7582.06994819,208.65802,100.0,359815.80248
387,7582.01033592,208.39155,100.0,359815.80248
388,7581.97164948,208.12422,100.0,359815.80248
389,7581.03084833,208.68101,100.0,359815.80248
390,7580.14358974,209.14668,100.0,359815.80248
391,7579.24296675,209.63492,100.0,359815.80248
392,7578.64285714,209.70336,100.0,359815.80248
393,7579.37659033,209.93961,100.0,359815.80248
394,7578.79949239,209.98491,100.0,359815.80248
395,7578.74936709,209.7213,100.0,359815.80248
396,7578.73232323,209.45661,100.0,359815.80248
397,7577.95717884,209.76057,100.0,359815.80248
398,7578.07788945,209.51069,100.0,359815.80248
399,7577.37844612,209.71273,100.0,359815.80248
400,7577.0475,209.55472,100.0,359815.80248
401,7577.46882793,209.46283,100.0,359815.80248
402,7577.9800995,209.45252,100.0,359815.80248
403,7577.83870968,209.2117,100.0,359815.80248
404,7577.8019802,208.95391,100.0,359815.80248
405,7578.07160494,208.76614,100.0,359815.80248
406,7578.07635468,208.5089,100.0,359815.80248
407,7578.44471744,208.38482,100.0,359815.80248
408,7578.92401961,208.35379,100.0,359815.80248
409,7578.5403423,208.24318,100.0,359815.80248
410,7578.54390244,207.98908,100.0,359815.80248
411,7578.06326034,207.96375,100.0,359815.80248
412,7578.15048544,207.71874,100.0,359815.80248
413,7578.73365617,207.80452,100.0,359815.80248
414,7578.72222222,207.55353,100.0,359815.80248
415,7579.6313253,208.12693,100.0,359815.80248
416,7580.75480769,209.13276,100.0,359815.80248
417,7579.95203837,209.52259,100.0,359815.80248
418,7579.61244019,209.38668,100.0,359815.80248
419,7579.61813842,209.1367,100.0,359815.80248
420,7580.01190476,209.04303,100.0,359815.80248
421,7580.05700713,208.79666,100.0,359815.80248
422,7579.61611374,208.74523,100.0,359815.80248
423,7580.1536643,208.79057,100.0,359815.80248
424,7578.98113208,209.93389,100.0,359815.80248
425,7578.54823529,209.87615,100.0,359815.80248
426,7578.25352113,209.7177,100.0,359815.80248
427,7578.27868852,209.47263,100.0,359815.80248
428,7578.62616822,209.35095,100.0,359815.80248
429,7578.49417249,209.12463,100.0,359815.80248
430,7578.71627907,208.93198,100.0,359815.80248
431,7578.31786543,208.85292,100.0,359815.80248
432,7578.6875,208.75215,100.0,359815.80248
433,7577.96073903,209.05739,100.0,359815.80248
434,7579.15668203,210.29408,100.0,359815.80248
435,7578.36091954,210.7054,100.0,359815.80248
436,7578.08027523,210.545,100.0,359815.80248
437,7578.27459954,210.34311,100.0,359815.80248
438,7578.05707763,210.15205,100.0,359815.80248
439,7577.62186788,210.11008,100.0,359815.80248
440,7578.25,210.28343,100.0,359815.80248
441,7578.34240363,210.05382,100.0,359815.80248
442,7578.87104072,210.10955,100.0,359815.80248
443,7579.60496614,210.43871,100.0,359815.80248
444,7579.42567568,210.23547,100.0,359815.80248
445,7579.59325843,210.0288,100.0,359815.80248
446,7579.8206278,209.84803,100.0,359815.80248
447,7579.69574944,209.62976,100.0,359815.80248
448,7579.58035714,209.40988,100.0,359815.80248
449,7578.9064588,209.66231,100.0,359815.80248
450,7578.62888889,209.5118,100.0,359815.80248
451,7578.90687361,209.36246,100.0,359815.80248
452,7578.88938053,209.13106,100.0,359815.80248
453,7578.94260486,208.90317,100.0,359815.80248
454,7578.89647577,208.67529,100.0,359815.80248
455,7579.18461538,208.53624,100.0,359815.80248
456,7578.32236842,209.11785,100.0,359815.80248
457,7578.10065646,208.94258,100.0,359815.80248
458,7578.66593886,209.06389,100.0,359815.80248
459,7578.94335512,208.9204,100.0,359815.80248
460,7579.13913043,208.73534,100.0,359815.80248
461,7579.22342733,208.51666,100.0,359815.80248
462,7579.54545455,208.4056,100.0,359815.80248
463,7579.75161987,208.22757,100.0,359815.80248
464,7580.02586207,208.08676,100.0,359815.80248
465,7579.29462366,208.45883,100.0,359815.80248
466,7578.7167382,208.60758,100.0,359815.80248
467,7578.5738758,208.40693,100.0,359815.80248
468,7578.70726496,208.20411,100.0,359815.80248
469,7578.52665245,208.01872,100.0,359815.80248
470,7578.8106383,207.8883,100.0,359815.80248
471,7578.79830149,207.66767,100.0,359815.80248
472,7579.83262712,208.65853,100.0,359815.80248
473,7579.57505285,208.51294,100.0,359815.80248
474,7579.91139241,208.42128,100.0,359815.80248
475,7579.89052632,208.20227,100.0,359815.80248
476,7580.27941176,208.15608,100.0,359815.80248
477,7580.13207547,207.96262,100.0,359815.80248
478,7580.458159,207.867,100.0,359815.80248
479,7581.11273486,208.14249,100.0,359815.80248
480,7580.51041667,208.34302,100.0,359815.80248
481,7581.00623701,208.40962,100.0,359815.80248
482,7580.43153527,208.57451,100.0,359815.80248
483,7580.98757764,208.71579,100.0,359815.80248
484,7580.70867769,208.59014,100.0,359815.80248
485,7581.38556701,208.90643,100.0,359815.80248
486,7581.91975309,209.02271,100.0,359815.80248
487,7582.24229979,208.92904,100.0,359815.80248
488,7582.20696721,208.71632,100.0,359815.80248
489,7582.03271984,208.53832,100.0,359815.80248
490,7581.81836735,208.37934,100.0,359815.80248
491,7582.19144603,208.33078,100.0,359815.80248
492,7581.58536585,208.55182,100.0,359815.80248
493,7582.21906694,208.81383,100.0,359815.80248
494,7582.44331984,208.66179,100.0,359815.80248
495,7582.5979798,208.47925,100.0,359815.80248
496,7582.60080645,208.26899,100.0,359815.80248
497,7582.18913481,208.26127,100.0,359815.80248
498,7582.28313253,208.06262,100.0,359815.80248
499,7582.10420842,207.89238,100.0,359815.80248
500,7581.818,207.78277,100.0,359815.80248
