simulation,sample_comp_mean,sample_comp_std,correctness
1,14974.0,0.0,100.0
2,14916.0,58.0,100.0
3,14821.3333333,142.00782,100.0
4,14697.0,247.99395,100.0
5,14740.8,238.48388,100.0
6,14790.6666667,244.59945,100.0
7,14803.1428571,228.50785,100.0
8,14783.5,219.9767,100.0
9,14788.0,207.78621,100.0
10,14770.4,204.07214,100.0
11,14794.5454545,209.02038,100.0
12,14842.6666667,255.97048,100.0
13,14847.2307692,246.43618,100.0
14,14805.1428571,281.81728,100.0
15,14802.0,272.5152,100.0
16,14811.0,266.15409,100.0
17,14798.5882353,262.93704,100.0
18,14791.3333333,257.27374,100.0
19,14802.2105263,254.62864,100.0
20,14812.1,251.89718,100.0
21,14826.2857143,253.88058,100.0
22,14812.5454545,255.91062,100.0
23,14812.8695652,250.29015,100.0
24,14818.5833333,246.54782,100.0
25,14820.96,241.84697,100.0
26,14812.1538462,241.20334,100.0
27,14814.5925926,237.0209,100.0
28,14826.2857143,240.5498,100.0
29,14813.7241379,245.53431,100.0
30,14816.6,241.90364,100.0
31,14828.3225806,246.47978,100.0
32,14831.6875,243.32032,100.0
33,14827.6969697,240.66631,100.0
34,14837.7058824,243.97258,100.0
35,14841.9428571,241.72782,100.0
36,14839.0555556,238.95815,100.0
37,14841.027027,236.00349,100.0
38,14849.3157895,238.27285,100.0
39,14839.0769231,243.51985,100.0
40,14823.2,260.09683,100.0
41,14825.2195122,257.22264,100.0
42,14824.8095238,254.15558,100.0
43,14831.9069767,255.35965,100.0
44,14837.5454545,255.1345,100.0
45,14833.3333333,253.82619,100.0
46,14831.6956522,251.2923,100.0
47,14835.9148936,250.24616,100.0
48,14833.2916667,248.2779,100.0
49,14827.1836735,249.34851,100.0
50,14830.12,247.69672,100.0
51,14835.4509804,248.13629,100.0
52,14840.4230769,248.29088,100.0
53,14841.5471698,246.0709,100.0
54,14842.1111111,243.81639,100.0
55,14836.5454545,245.02718,100.0
56,14839.0357143,243.53087,100.0
57,14844.2807018,244.55543,100.0
58,14834.8275862,252.72475,100.0
59,14828.1016949,255.75582,100.0
60,14816.7666667,268.14426,100.0
61,14809.9344262,271.152,100.0
62,14803.7419355,273.27039,100.0
63,14803.5555556,271.09688,100.0
64,14801.375,269.52687,100.0
65,14804.0307692,268.28813,100.0
66,14811.6363636,273.21762,100.0
67,14811.1044776,271.20544,100.0
68,14811.8823529,269.27919,100.0
69,14813.5362319,267.66844,100.0
70,14813.9714286,265.77423,100.0
71,14818.1408451,266.19157,100.0
72,14822.0833333,266.41581,100.0
73,14822.2739726,264.58969,100.0
74,14819.9459459,263.54752,100.0
75,14819.9466667,261.78464,100.0
76,14823.8947368,262.29471,100.0
77,14824.8311688,260.71378,100.0
78,14817.8205128,266.24188,100.0
79,14821.1139241,266.14562,100.0
80,14816.575,267.5362,100.0
81,14809.2098765,273.91892,100.0
82,14811.6829268,273.15188,100.0
83,14815.2289157,273.39364,100.0
84,14812.4285714,272.95631,100.0
85,14812.2588235,271.3504,100.0
86,14813.6511628,270.07341,100.0
87,14815.4252874,269.02034,100.0
88,14816.1136364,267.5645,100.0
89,14817.2359551,266.26531,100.0
90,14821.9555556,268.49937,100.0
91,14824.0,267.72349,100.0
92,14827.8478261,268.78264,100.0
93,14824.7741935,268.95433,100.0
94,14823.5319149,267.78801,100.0
95,14823.0947368,266.40859,100.0
96,14824.1458333,265.21536,100.0
97,14823.5463918,263.91009,100.0
98,14821.9387755,263.03712,100.0
99,14823.979798,262.48409,100.0
100,14825.04,261.38133,100.0
101,14820.3960396,264.19765,100.0
102,14817.7647059,264.22603,100.0
103,14817.8640777,262.94217,100.0
104,14820.8269231,263.39698,100.0
105,14828.7428571,274.28831,100.0
106,14829.9622642,273.27724,100.0
107,14827.3084112,273.36615,100.0
108,14824.4074074,273.74735,100.0
109,14824.1284404,272.50416,100.0
110,14818.7818182,276.94648,100.0
111,14819.4594595,275.78774,100.0
112,14818.4464286,274.76116,100.0
113,14815.8584071,274.91047,100.0
114,14814.4912281,274.08765,100.0
115,14813.7043478,273.02266,100.0
116,14814.7413793,272.07067,100.0
117,14812.957265,271.58611,100.0
118,14812.3050847,270.52487,100.0
119,14812.7226891,269.424,100.0
120,14810.65,269.25009,100.0
121,14809.6694215,268.35025,100.0
122,14808.557377,267.528,100.0
123,14809.2845528,266.5593,100.0
124,14806.983871,266.70565,100.0
125,14802.032,271.29957,100.0
126,14802.1269841,270.22292,100.0
127,14802.7559055,269.24952,100.0
128,14803.8125,268.45989,100.0
129,14808.0465116,271.67382,100.0
130,14810.0615385,271.5929,100.0
131,14810.1679389,270.55702,100.0
132,14813.2121212,271.77294,100.0
133,14812.962406,270.76451,100.0
134,14815.6268657,271.49681,100.0
135,14815.9259259,270.51155,100.0
136,14816.0882353,269.52178,100.0
137,14816.8029197,268.66564,100.0
138,14819.057971,268.98857,100.0
139,14814.028777,274.45349,100.0
140,14816.6285714,275.1839,100.0
141,14818.1702128,274.81238,100.0
142,14819.2676056,274.15288,100.0
143,14817.1188811,274.38991,100.0
144,14817.2361111,273.43911,100.0
145,14817.4758621,272.50977,100.0
146,14817.890411,271.62079,100.0
147,14816.2993197,271.37717,100.0
148,14813.7972973,272.15474,100.0
149,14813.3288591,271.29979,100.0
150,14814.5333333,270.79337,100.0
151,14815.1788079,270.01097,100.0
152,14816.9342105,269.9844,100.0
153,14818.6666667,269.94698,100.0
154,14820.8701299,270.44599,100.0
155,14819.9741935,269.80136,100.0
156,14817.0384615,271.40749,100.0
157,14819.0700637,271.72912,100.0
158,14816.9873418,272.12206,100.0
159,14816.2264151,271.43356,100.0
160,14816.5625,270.61718,100.0
161,14817.4658385,270.01732,100.0
162,14818.5555556,269.53753,100.0
163,14819.8527607,269.21623,100.0
164,14819.3414634,268.47356,100.0
165,14820.7151515,268.23626,100.0
166,14820.9156627,267.4395,100.0
167,14820.491018,266.6937,100.0
168,14821.1666667,266.0421,100.0
169,14820.7810651,265.30091,100.0
170,14820.9294118,264.52649,100.0
171,14819.625731,264.29905,100.0
172,14819.627907,263.52962,100.0
173,14814.8901734,270.01326,100.0
174,14816.0,269.63168,100.0
175,14815.5542857,268.92447,100.0
176,14816.5795455,268.50217,100.0
177,14815.9548023,267.87086,100.0
178,14817.2247191,267.65113,100.0
179,14819.8994413,269.27748,100.0
180,14817.5555556,270.35331,100.0
181,14816.640884,269.88458,100.0
182,14817.4065934,269.3392,100.0
183,14818.8961749,269.35297,100.0
184,14820.1413043,269.14761,100.0
185,14818.1405405,269.78775,100.0
186,14818.9784946,269.30282,100.0
187,14818.5026738,268.66018,100.0
188,14819.1382979,268.08565,100.0
189,14820.2010582,267.77228,100.0
190,14823.4421053,270.75809,100.0
191,14824.8376963,270.73267,100.0
192,14823.2708333,270.8936,100.0
193,14823.8963731,270.32989,100.0
194,14823.443299,269.70572,100.0
195,14823.1076923,269.05389,100.0
196,14822.0918367,268.74131,100.0
197,14824.3553299,269.92493,100.0
198,14823.7474747,269.37758,100.0
199,14820.6130653,272.29559,100.0
200,14820.35,271.63935,100.0
201,14823.1442786,273.8292,100.0
202,14824.0594059,273.45852,100.0
203,14823.3793103,272.95534,100.0
204,14824.0490196,272.45265,100.0
205,14823.3658537,271.96242,100.0
206,14824.1456311,271.53115,100.0
207,14823.1400966,271.25868,100.0
208,14823.4423077,270.64076,100.0
209,14822.2966507,270.49762,100.0
210,14823.8380952,270.77137,100.0
211,14822.4170616,270.91276,100.0
212,14820.9528302,271.10866,100.0
213,14821.4366197,270.56321,100.0
214,14820.8504673,270.06584,100.0
215,14820.055814,269.6877,100.0
216,14820.9166667,269.35862,100.0
217,14821.1705069,268.76316,100.0
218,14820.5504587,268.30154,100.0
219,14819.196347,268.43387,100.0
220,14820.4636364,268.47892,100.0
221,14820.3529412,267.87584,100.0
222,14823.7207207,271.92059,100.0
223,14822.9147982,271.57581,100.0
224,14820.5982143,273.16828,100.0
225,14820.6311111,272.56101,100.0
226,14820.840708,271.9755,100.0
227,14819.7444934,271.87569,100.0
228,14817.8684211,272.74743,100.0
229,14817.0393013,272.43906,100.0
230,14817.626087,271.99114,100.0
231,14818.7792208,271.96463,100.0
232,14819.4224138,271.55388,100.0
233,14816.1630901,275.48068,100.0
234,14816.008547,274.90154,100.0
235,14815.4893617,274.43096,100.0
236,14815.279661,273.86779,100.0
237,14813.5611814,274.56155,100.0
238,14815.5210084,275.64035,100.0
239,14815.1715481,275.11592,100.0
240,14817.675,277.2567,100.0
241,14817.626556,276.6819,100.0
242,14818.1157025,276.21405,100.0
243,14816.8148148,276.387,100.0
244,14816.795082,275.82022,100.0
245,14816.1877551,275.42018,100.0
246,14813.5528455,277.93684,100.0
247,14813.7246964,277.38674,100.0
248,14813.5725806,276.83725,100.0
249,14811.5662651,278.08156,100.0
250,14811.184,277.59039,100.0
251,14811.3944223,277.05684,100.0
252,14811.2936508,276.51119,100.0
253,14811.6284585,276.01536,100.0
254,14811.5511811,275.47423,100.0
255,14813.2941176,276.33325,100.0
256,14814.8828125,276.95738,100.0
257,14813.2529183,277.64547,100.0
258,14812.7906977,277.20593,100.0
259,14812.7258687,276.67222,100.0
260,14812.1076923,276.3188,100.0
261,14813.6245211,276.87135,100.0
262,14814.6030534,276.79428,100.0
263,14814.9961977,276.34083,100.0
264,14814.469697,275.94909,100.0
265,14816.2490566,276.94116,100.0
266,14816.3984962,276.43081,100.0
267,14813.9550562,278.77576,100.0
268,14813.6940299,278.28786,100.0
269,14812.8104089,278.14652,100.0
270,14814.5777778,279.14009,100.0
271,14813.8154982,278.906,100.0
272,14814.375,278.54516,100.0
273,14816.1098901,279.50291,100.0
274,14816.1459854,278.99304,100.0
275,14814.8654545,279.29083,100.0
276,14814.442029,278.87282,100.0
277,14816.0072202,279.58084,100.0
278,14815.7338129,279.11464,100.0
279,14814.2795699,279.66707,100.0
280,14813.2785714,279.66747,100.0
281,14813.8718861,279.34588,100.0
282,14813.893617,278.85038,100.0
283,14815.0600707,279.04563,100.0
284,14814.7605634,278.59949,100.0
285,14814.9473684,278.12811,100.0
286,14815.3496503,277.72449,100.0
287,14815.728223,277.31414,100.0
288,14816.5347222,277.16923,100.0
289,14816.4429066,276.69367,100.0
290,14817.6965517,277.03716,100.0
291,14816.556701,277.24111,100.0
292,14815.7945205,277.0712,100.0
293,14816.2320819,276.69902,100.0
294,14816.6938776,276.34112,100.0
295,14817.1661017,275.99115,100.0
296,14817.0405405,275.53299,100.0
297,14817.4814815,275.17333,100.0
298,14817.9328859,274.82137,100.0
299,14818.5819398,274.59011,100.0
300,14819.36,274.46203,100.0
301,14819.9933555,274.22524,100.0
302,14819.218543,274.10067,100.0
303,14819.0231023,273.66906,100.0
304,14818.7302632,273.26612,100.0
305,14819.0163934,272.86339,100.0
306,14818.9084967,272.42369,100.0
307,14819.3615635,272.09509,100.0
308,14819.2207792,271.66421,100.0
309,14819.0485437,271.24111,100.0
310,14820.4516129,271.92409,100.0
311,14819.5562701,271.94386,100.0
312,14818.7371795,271.89168,100.0
313,14818.1022364,271.68858,100.0
314,14818.5095541,271.35132,100.0
315,14818.1396825,270.99952,100.0
316,14817.2151899,271.06745,100.0
317,14817.533123,270.69856,100.0
318,14816.672956,270.70616,100.0
319,14815.2852665,271.41199,100.0
320,14815.4375,271.00122,100.0
321,14813.7383178,272.2807,100.0
322,14813.1677019,272.04974,100.0
323,14813.0216718,271.64092,100.0
324,14814.0987654,271.91132,100.0
325,14815.0646154,272.04875,100.0
326,14814.8466258,271.6596,100.0
327,14813.1804281,272.90713,100.0
328,14812.8170732,272.57,100.0
329,14812.8571429,272.15641,100.0
330,14812.1636364,272.03473,100.0
331,14812.0966767,271.62621,100.0
332,14811.9337349,271.23303,100.0
333,14811.015015,271.34233,100.0
334,14810.8443114,270.95373,100.0
335,14811.3910448,270.73346,100.0
336,14811.8392857,270.45475,100.0
337,14810.5697329,271.05401,100.0
338,14812.3786982,272.6824,100.0
339,14814.4719764,274.98619,100.0
340,14814.9294118,274.71064,100.0
341,14813.8709677,275.00097,100.0
342,14813.5964912,274.6454,100.0
343,14813.0845481,274.40812,100.0
344,14812.5697674,274.17479,100.0
345,14811.9594203,274.01108,100.0
346,14812.5028902,273.80097,100.0
347,14812.4899135,273.40627,100.0
348,14811.9827586,273.17657,100.0
349,14812.8481375,273.26218,100.0
350,14813.0171429,272.88979,100.0
351,14813.7777778,272.87209,100.0
352,14812.3352273,273.82122,100.0
353,14812.6968839,273.51727,100.0
354,14812.3389831,273.21343,100.0
355,14812.4,272.83077,100.0
356,14812.8539326,272.58152,100.0
357,14812.7843137,272.20266,100.0
358,14813.0055866,271.85437,100.0
359,14813.3091922,271.53625,100.0
360,14812.7777778,271.34573,100.0
361,14811.3850416,272.25511,100.0
362,14811.3535912,271.87947,100.0
363,14810.4242424,272.07989,100.0
364,14811.0494505,271.96689,100.0
365,14811.2493151,271.62084,100.0
366,14810.0874317,272.15628,100.0
367,14810.8991826,272.22856,100.0
368,14812.2663043,273.11708,100.0
369,14812.3902439,272.75712,100.0
370,14810.7783784,274.14244,100.0
371,14810.0539084,274.12716,100.0
372,14809.7204301,273.83381,100.0
373,14809.9892761,273.51565,100.0
374,14811.2085561,274.16291,100.0
375,14810.56,274.08424,100.0
376,14810.0957447,273.86713,100.0
377,14810.4403183,273.58527,100.0
378,14810.1693122,273.27381,100.0
379,14811.3773087,273.92176,100.0
380,14810.8947368,273.72237,100.0
381,14810.9658793,273.36644,100.0
382,14811.408377,273.14499,100.0
383,14810.5221932,273.33748,100.0
384,14810.71875,273.00844,100.0
385,14810.0415584,272.9764,100.0
386,14809.9896373,272.62447,100.0
387,14810.2170543,272.30868,100.0
388,14810.1494845,271.96078,100.0
389,14809.3059126,272.1188,100.0
390,14809.2307692,271.77374,100.0
391,14810.4501279,272.49207,100.0
392,14809.6173469,272.64204,100.0
393,14810.2900763,272.62051,100.0
394,14810.8426396,272.49459,100.0
395,14812.0658228,273.23033,100.0
396,14811.1313131,273.51644,100.0
397,14811.2745592,273.18662,100.0
398,14812.1055276,273.34511,100.0
399,14812.4761905,273.10248,100.0
400,14813.445,273.44652,100.0
401,14813.4164589,273.10595,100.0
402,14812.9950249,272.89658,100.0
403,14812.7295285,272.60976,100.0
404,14812.7524752,272.27256,100.0
405,14811.8864198,272.49279,100.0
406,14811.817734,272.16052,100.0
407,14810.6977887,272.76105,100.0
408,14811.127451,272.56444,100.0
409,14810.9633252,272.25122,100.0
410,14810.5658537,272.03779,100.0
411,14810.622871,271.70909,100.0
412,14811.4805825,271.93566,100.0
413,14811.0508475,271.74627,100.0
414,14811.0628019,271.41798,100.0
415,14810.9349398,271.10326,100.0
416,14811.4951923,271.01764,100.0
417,14811.8992806,270.81793,100.0
418,14811.7177033,270.5192,100.0
419,14811.1551313,270.44089,100.0
420,14811.6904762,270.34093,100.0
421,14811.7719715,270.02483,100.0
422,14812.1279621,269.8036,100.0
423,14811.6737589,269.64598,100.0
424,14811.0754717,269.60876,100.0
425,14811.8070588,269.71241,100.0
426,14811.4741784,269.48305,100.0
427,14810.6697892,269.67885,100.0
428,14810.1682243,269.56294,100.0
429,14810.2424242,269.25295,100.0
430,14812.2883721,272.2578,100.0
431,14811.4292343,272.52471,100.0
432,14812.3842593,272.93021,100.0
433,14813.2240185,273.17304,100.0
434,14813.2073733,272.85836,100.0
435,14813.1494253,272.54722,100.0
436,14812.6880734,272.40449,100.0
437,14813.0434783,272.19382,100.0
438,14813.196347,271.9017,100.0
439,14813.7995444,271.88507,100.0
440,14813.9,271.58409,100.0
441,14813.4195011,271.46317,100.0
442,14812.5429864,271.77995,100.0
443,14813.1422122,271.76518,100.0
444,14813.5630631,271.60344,100.0
445,14813.7213483,271.3186,100.0
446,14812.8251121,271.67291,100.0
447,14812.5324385,271.43924,100.0
448,14813.2366071,271.54455,100.0
449,14812.5389755,271.64362,100.0
450,14812.9644444,271.49136,100.0
451,14813.5920177,271.51677,100.0
452,14813.4247788,271.23951,100.0
453,14812.8785872,271.18869,100.0
454,14812.7136564,270.91261,100.0
455,14813.3010989,270.90405,100.0
456,14813.4035088,270.61566,100.0
457,14813.4485777,270.32114,100.0
458,14814.4803493,270.92521,100.0
459,14813.372549,271.66638,100.0
460,14814.5608696,272.56254,100.0
461,14814.5856833,272.26728,100.0
462,14814.4675325,271.98429,100.0
463,14814.4967603,271.69114,100.0
464,14814.387931,271.40831,100.0
465,14814.6150538,271.16045,100.0
466,14815.4291845,271.43768,100.0
467,14815.006424,271.30044,100.0
468,14816.3888889,272.65214,100.0
469,14817.565032,273.54721,100.0
470,14818.3617021,273.80017,100.0
471,14819.044586,273.90974,100.0
472,14818.8728814,273.6448,100.0
473,14819.0697674,273.38884,100.0
474,14818.7341772,273.19782,100.0
475,14818.8589474,272.92361,100.0
476,14818.9453782,272.64328,100.0
477,14819.7610063,272.93805,100.0
478,14820.3138075,272.91958,100.0
479,14819.8329854,272.83714,100.0
480,14819.6,272.60048,100.0
481,14819.1600832,272.48747,100.0
482,14818.6970954,272.39399,100.0
483,14818.3809524,272.20037,100.0
484,14819.2727273,272.6244,100.0
485,14819.9793814,272.78657,100.0
486,14819.1522634,273.11389,100.0
487,14819.0225873,272.84832,100.0
488,14819.2991803,272.63696,100.0
489,14819.2229039,272.36326,100.0
490,14819.2285714,272.08522,100.0
491,14819.2586558,271.80882,100.0
492,14818.0528455,272.84387,100.0
493,14818.0365112,272.56725,100.0
494,14817.6032389,272.46113,100.0
495,14816.9535354,272.56856,100.0
496,14817.6733871,272.76425,100.0
497,14817.6257545,272.49177,100.0
498,14816.8835341,272.72047,100.0
499,14816.3807615,272.678,100.0
500,14816.544,272.42959,100.0
