simulation,sample_comp_mean,sample_comp_std,correctness,theta_dist
1,12905.0,0.0,100.0,2.0121
2,19631.0,6726.0,100.0,2.05772
3,18005.3333333,5953.56769,100.0,2.07163
4,18180.25,5164.83433,100.0,2.11845
5,16100.4,6216.39084,100.0,2.07834
6,14588.5,6605.46268,100.0,2.00385
7,14776.5714286,6132.79707,100.0,2.13225
8,13554.5,6585.13553,100.0,2.09356
9,12825.5555556,6541.91613,100.0,2.05599
10,13154.6,6284.22089,100.0,3.12839
11,13133.3636364,5992.14585,100.0,2.1287
12,12972.1666667,5761.89986,100.0,2.02924
13,13845.0769231,6307.88006,100.0,2.24638
14,13516.5,6192.79991,100.0,2.2233
15,13620.2666667,5995.39806,100.0,2.06789
16,14047.375,6036.10561,100.0,2.03926
17,13740.6470588,5983.03212,100.0,3.14076
18,14134.6666667,6037.15529,100.0,2.06044
19,14738.6842105,6410.61912,100.0,2.06169
20,14395.3,6425.0741,100.0,2.00081
21,15311.7619048,7490.91692,100.0,2.15048
22,15922.9090909,7836.24437,100.0,2.08936
23,15789.6086957,7689.45942,100.0,2.03923
24,15400.25,7755.70325,100.0,2.04399
25,15387.68,7599.25573,100.0,2.04842
26,15187.9615385,7518.29574,100.0,2.27197
27,14920.7037037,7502.55665,100.0,2.08262
28,14718.6428571,7441.80285,100.0,2.10542
29,14732.9655172,7312.76306,100.0,2.1907
30,14560.8333333,7249.35919,100.0,3.18031
31,14394.6451613,7189.33231,100.0,2.03826
32,14692.8125,7268.24,100.0,2.07319
33,14749.6363636,7164.48264,100.0,2.10611
34,14910.3823529,7118.48348,100.0,2.35784
35,14870.0285714,7019.99852,100.0,2.13545
36,14603.7777778,7098.77537,100.0,2.1252
37,14500.6756757,7029.46163,100.0,2.59239
38,14340.0526316,7004.82485,100.0,2.03068
39,14457.2051282,6952.0477,100.0,2.04861
40,14338.675,6904.39131,100.0,2.22319
41,14167.5365854,6905.03118,100.0,2.11395
42,14678.6904762,7566.81179,100.0,2.00374
43,14465.2325581,7605.18184,100.0,2.61026
44,14350.1136364,7556.06542,100.0,2.09522
45,14275.0666667,7488.20248,100.0,2.33828
46,14529.0,7599.72963,100.0,2.08083
47,14382.0425532,7584.22576,100.0,2.12659
48,14824.0208333,8093.41353,100.0,2.16787
49,14590.755102,8171.80268,100.0,2.14931
50,14580.02,8090.02093,100.0,2.16242
51,14605.4117647,8012.32632,100.0,2.23236
52,14926.0961538,8258.78747,100.0,2.27252
53,14729.3584906,8302.60995,100.0,2.0091
54,14731.1296296,8225.3848,100.0,2.19474
55,14783.2,8159.24262,100.0,2.11194
56,14998.6964286,8242.48514,100.0,2.53633
57,15608.8947368,9359.37003,100.0,2.03267
58,15435.0172414,9370.74187,100.0,2.00222
59,15191.1355932,9474.8205,100.0,2.52682
60,15084.6666667,9431.05626,100.0,2.05502
61,14887.9016393,9476.79792,100.0,4.24489
62,14795.8064516,9427.54094,100.0,2.07603
63,14825.8412698,9355.40953,100.0,2.26092
64,14677.703125,9356.20966,100.0,2.05025
65,14632.0307692,9291.14699,100.0,2.08334
66,14560.1060606,9238.70701,100.0,2.11865
67,14389.238806,9273.97876,100.0,2.16109
68,14404.9852941,9206.43746,100.0,2.04074
69,14314.1304348,9170.1374,100.0,2.10604
70,14387.3428571,9124.68948,100.0,2.0774
71,14437.5633803,9069.94099,100.0,2.20938
72,14439.6805556,9006.75273,100.0,2.03544
73,14298.1917808,9025.06029,100.0,3.04298
74,14475.6891892,9091.25423,100.0,2.13534
75,14379.24,9068.47686,100.0,2.073
76,14411.2105263,9012.872,100.0,2.01079
77,14401.2207792,8954.5791,100.0,2.23695
78,14418.0,8898.21102,100.0,2.41627
79,14441.5063291,8844.15077,100.0,2.1055
80,14611.1625,8917.12619,100.0,2.00176
81,14511.4074074,8906.71417,100.0,2.01502
82,14605.7195122,8892.83984,100.0,2.13205
83,14521.1445783,8872.2228,100.0,2.01077
84,14503.4047619,8820.73456,100.0,2.3874
85,14518.1764706,8769.73946,100.0,2.20338
86,14509.8953488,8718.9378,100.0,2.17866
87,14473.7816092,8675.15107,100.0,2.14541
88,14367.6590909,8682.3287,100.0,2.57431
89,14259.4494382,8692.88528,100.0,2.21685
90,14224.3555556,8650.79419,100.0,2.01343
91,14144.6923077,8636.26221,100.0,2.06306
92,14244.7934783,8642.1155,100.0,2.10567
93,14202.0537634,8605.2971,100.0,2.25237
94,14259.287234,8577.17888,100.0,2.06376
95,14455.7684211,8741.99371,100.0,2.06228
96,14463.65625,8696.68313,100.0,2.0073
97,14512.9278351,8665.19713,100.0,2.01719
98,14608.5612245,8672.17381,100.0,2.05092
99,14639.7373737,8633.78175,100.0,2.04785
100,14551.6,8635.15008,100.0,2.2099
101,14719.5940594,8754.98383,100.0,2.09887
102,14614.0,8776.35656,100.0,2.10267
103,14563.3883495,8748.59425,100.0,2.31828
104,14592.0096154,8711.27632,100.0,2.10016
105,14727.3619048,8778.89021,100.0,2.07446
106,14735.1886792,8737.7503,100.0,2.07266
107,14692.7476636,8707.794,100.0,2.03582
108,14672.5092593,8669.91426,100.0,2.07464
109,14711.6605505,8639.63824,100.0,2.1747
110,14735.9454545,8604.01397,100.0,2.02849
111,14685.4324324,8581.53834,100.0,2.11042
112,14684.1160714,8543.15326,100.0,2.09933
113,14643.2566372,8516.2528,100.0,2.22221
114,14626.6403509,8480.65818,100.0,2.00611
115,14804.9565217,8655.69045,100.0,2.05784
116,14817.0689655,8619.27947,100.0,2.11427
117,14870.7008547,8601.78263,99.1453,2.15636
118,14866.6779661,8565.36738,99.15254,2.43438
119,14886.2016807,8531.93882,99.15966,2.07063
120,14815.9833333,8530.77411,99.16667,2.16463
121,14830.3884298,8496.91525,99.17355,2.01544
122,14893.0245902,8490.02376,99.18033,2.00185
123,14848.1463415,8469.95856,99.18699,2.00514
124,14806.3951613,8448.43517,99.19355,2.02796
125,14755.56,8433.593,99.2,2.13129
126,14788.4126984,8408.08631,99.20635,2.07451
127,14854.1417323,8407.3547,99.2126,2.11115
128,14767.21875,8431.54548,99.21875,2.01129
129,14843.5348837,8443.06567,99.22481,2.18491
130,14823.6769231,8413.55328,99.23077,2.01005
131,14811.0992366,8382.60574,99.23664,2.06608
132,14770.2424242,8363.87594,99.24242,2.04228
133,14777.3383459,8332.77229,99.24812,2.20422
134,14740.9552239,8312.2186,99.25373,2.00332
135,14726.3037037,8283.11195,99.25926,2.04176
136,14669.0441176,8279.37666,99.26471,2.01833
137,14596.8759124,8291.92673,99.27007,2.16602
138,14639.1666667,8276.64438,99.27536,2.12175
139,14596.2877698,8262.18753,99.28058,2.12842
140,14657.0928571,8263.78022,99.28571,2.07805
141,14581.9716312,8282.25722,99.29078,2.0055
142,14560.1056338,8257.12607,99.29577,2.10662
143,14560.4615385,8228.20544,99.3007,2.12952
144,14555.8680556,8199.7695,99.30556,2.1763
145,14531.9517241,8176.48387,99.31034,2.06061
146,14550.9178082,8151.63398,99.31507,2.13013
147,14530.5442177,8127.58905,99.31973,2.01652
148,14515.8783784,8102.0359,99.32432,2.13406
149,14520.9530201,8075.03808,99.32886,2.02981
150,14577.66,8077.78858,99.33333,2.07348
151,14576.384106,8051.01167,99.33775,2.0216
152,14641.7236842,8064.55255,99.34211,2.05124
153,14677.0457516,8049.94235,99.34641,2.11032
154,14645.7142857,8033.11749,99.35065,2.30697
155,14628.0,8010.17929,99.35484,2.07746
156,14569.8141026,8017.25882,99.35897,2.06063
157,14515.1656051,8020.78066,99.36306,2.0923
158,14513.6518987,7995.38065,99.36709,2.10727
159,14478.7295597,7982.27741,99.37107,2.10247
160,14490.40625,7958.65578,99.375,2.07474
161,14446.7701863,7953.07748,99.37888,2.00921
162,14460.3271605,7930.35881,99.38272,2.10164
163,14504.2147239,7925.7044,99.3865,2.16911
164,14459.5487805,7922.05488,99.39024,2.03558
165,14450.0,7898.95877,99.39394,2.00882
166,14552.5843373,7984.61458,99.39759,2.03464
167,14485.5688623,8007.36083,99.4012,2.04565
168,14453.625,7994.15926,99.40476,2.09189
169,14458.4911243,7970.72235,99.40828,2.1963
170,14424.0705882,7959.83175,99.41176,2.01994
171,14405.1403509,7940.36029,99.4152,2.08327
172,14386.5813953,7920.96295,99.4186,2.0505
173,14375.7514451,7899.31384,99.42197,2.0788
174,14360.7298851,7879.0596,99.42529,2.0048
175,14481.1028571,8015.3627,99.42857,2.02565
176,14500.1363636,7996.52443,99.43182,2.04425
177,14473.4350282,7981.76775,99.43503,2.13642
178,14523.1797753,7986.7826,99.4382,2.16281
179,14546.7206704,7970.63221,99.44134,2.4018
180,14484.0611111,7992.54787,99.44444,2.04628
181,14423.1491713,8012.22418,99.44751,2.25477
182,14364.2637363,8029.36043,99.45055,2.25074
183,14411.431694,8032.63637,99.45355,2.01456
184,14425.1902174,8012.94069,99.45652,2.05503
185,14366.9567568,8030.20059,99.45946,2.14676
186,14416.4731183,8036.8544,99.46237,2.07876
187,14388.2032086,8024.6041,99.46524,2.18052
188,14366.3191489,8008.82668,99.46809,2.12863
189,14372.5449735,7988.06734,99.4709,2.10538
190,14312.5263158,8009.63202,98.94737,2.20807
191,14312.7382199,7988.63742,98.95288,2.07233
192,14273.0104167,7986.70117,98.95833,2.02262
193,14298.9948187,7974.11608,98.96373,2.39954
194,14362.5824742,8002.44562,98.96907,2.0835
195,14350.2307692,7983.75398,98.97436,2.1308
196,14450.1428571,8084.65799,98.97959,2.07657
197,14458.8832487,8065.04079,98.98477,2.01863
198,14446.1969697,8046.6191,98.9899,2.06165
199,14445.281407,8026.38634,98.99497,2.1426
200,14405.415,8026.02268,99.0,2.08669
201,14407.8756219,8006.10818,99.00498,2.02798
202,14401.8217822,7986.72767,99.0099,2.29898
203,14354.5862069,7995.26707,99.01478,2.16957
204,14364.8578431,7976.98934,99.01961,2.06018
205,14409.2,7982.67295,99.02439,2.10065
206,14388.7330097,7968.66402,99.02913,2.01924
207,14376.1835749,7951.43304,99.03382,2.19616
208,14333.7259615,7955.78205,99.03846,2.00067
209,14379.2057416,7963.78384,99.04306,2.16671
210,14354.0714286,7953.10484,99.04762,2.05475
211,14342.0616114,7936.14479,99.05213,2.24364
212,14379.5707547,7936.13072,99.0566,2.11168
213,14367.4507042,7919.4458,99.06103,2.00576
214,14363.5,7901.13114,99.06542,2.09595
215,14343.1906977,7888.33184,99.06977,2.07674
216,14326.1666667,7874.00836,99.07407,2.00345
217,14344.1290323,7860.27894,99.07834,2.00517
218,14354.266055,7843.65164,99.08257,2.09925
219,14417.7351598,7881.63181,99.08676,2.23103
220,14406.0863636,7865.58789,99.09091,2.09096
221,14429.3800905,7855.37402,99.09502,2.11574
222,14408.9414414,7843.54908,99.0991,2.08071
223,14418.7399103,7827.30454,99.10314,2.13572
224,14409.7946429,7810.95566,99.10714,2.36447
225,14355.2444444,7836.22552,99.11111,2.10715
226,14324.7610619,7832.22821,99.11504,2.06108
227,14345.3744493,7821.09914,99.11894,2.0742
228,14365.5570175,7809.85079,99.12281,2.13457
229,14323.8558952,7818.17813,99.12664,2.00002
230,14289.4,7818.56918,99.13043,2.16096
231,14272.7445887,7805.7155,99.1342,2.02356
232,14259.0387931,7791.65975,99.13793,2.03337
233,14225.3776824,7791.80828,99.14163,2.23919
234,14254.0769231,7787.47274,99.1453,2.00146
235,14296.3489362,7797.74384,99.14894,2.05718
236,14316.9745763,7787.62702,99.15254,2.06357
237,14316.4556962,7771.18414,99.15612,2.09117
238,14312.7436975,7755.05149,99.15966,2.11332
239,14281.9874477,7753.34275,99.16318,2.0
240,14252.4,7750.68204,99.16667,2.06044
241,14249.1784232,7734.74609,99.17012,2.11374
242,14205.107438,7749.01049,99.17355,2.02987
243,14161.1111111,7763.27829,99.17695,2.07452
244,14143.1434426,7752.41492,99.18033,2.01565
245,14197.4204082,7782.89487,99.18367,2.16704
246,14169.7682927,7779.11021,99.18699,2.1496
247,14139.1659919,7778.17053,99.19028,2.0884
248,14108.7217742,7777.20499,99.19355,2.11211
249,14173.502008,7828.32886,99.19679,2.00985
250,14156.38,7817.32688,99.2,2.0383
251,14155.1992032,7801.76131,98.80478,2.12948
252,14152.8373016,7786.35615,98.80952,2.01135
253,14179.4822134,7782.45566,98.81423,2.0742
254,14179.9291339,7767.12401,98.8189,2.17429
255,14152.2196078,7764.44846,98.82353,2.04806
256,14145.7109375,7749.96566,98.82813,2.08758
257,14154.7470817,7736.2243,98.83268,2.08166
258,14253.3527132,7881.37184,98.83721,2.05733
259,14224.0810811,7880.18106,98.8417,2.00458
260,14225.2076923,7865.03317,98.84615,2.03053
261,14204.348659,7857.1538,98.85057,2.02127
262,14183.1641221,7849.6095,98.85496,2.20273
263,14166.4980989,7839.31494,98.85932,2.08014
264,14138.9962121,7837.15485,98.86364,2.64805
265,14089.9584906,7862.82768,98.86792,5.38007
266,14092.3195489,7848.12813,98.87218,2.00268
267,14124.0187266,7850.45962,98.8764,2.17663
268,14138.2835821,7839.26561,98.8806,2.02529
269,14097.7769517,7852.72962,98.88476,2.11335
270,14082.0,7842.44411,98.88889,2.39168
271,14071.4760148,7829.8711,98.89299,2.12451
272,14081.7794118,7817.30503,98.89706,2.05779
273,14088.4652015,7803.75353,98.9011,2.16117
274,14073.9817518,7793.17515,98.90511,2.04501
275,14130.5963636,7835.23824,98.90909,2.07894
276,14115.2463768,7825.17241,98.91304,2.09538
277,14115.4981949,7811.0359,98.91697,2.10406
278,14106.1834532,7798.51569,98.92086,2.10036
279,14098.8637993,7785.48392,98.92473,2.11464
280,14125.0142857,7783.83426,98.92857,2.0545
281,14089.3380783,7792.8712,98.93238,2.44909
282,14084.0212766,7779.55233,98.93617,2.0672
283,14111.7526502,7779.74576,98.93993,2.03706
284,14108.915493,7766.18361,98.94366,2.00517
285,14073.1649123,7775.92198,98.94737,2.15489
286,14045.5559441,7776.29664,98.95105,2.08299
287,14044.7735192,7762.74854,98.9547,2.16898
288,14119.2361111,7851.26425,98.95833,2.1098
289,14098.5051903,7845.5611,98.96194,2.11368
290,14065.137931,7852.53736,98.96552,2.15813
291,14071.0171821,7839.67276,98.96907,2.00275
292,14040.6917808,7843.31564,98.9726,2.09486
293,14023.8532423,7835.20486,98.97611,2.00241
294,14001.9421769,7830.85512,98.97959,2.24135
295,14021.8372881,7825.01051,98.98305,2.00685
296,14036.6722973,7815.93574,98.98649,4.16499
297,14047.4175084,7804.9562,98.9899,2.02534
298,14027.3624161,7799.51127,98.99329,2.16035
299,14001.1237458,7799.62093,98.99666,2.07419
300,13969.3866667,7805.92543,99.0,2.07349
301,14017.2624585,7836.94237,99.00332,2.37286
302,13997.0463576,7831.81409,99.00662,2.09925
303,13972.8184818,7830.2075,99.0099,2.072
304,13943.0953947,7834.42109,99.01316,2.66118
305,13923.0459016,7829.37523,99.01639,2.18739
306,13901.7614379,7825.40518,99.01961,2.3167
307,13893.1628664,7814.09762,99.0228,2.04683
308,13859.1493506,7824.13245,99.02597,2.15341
309,13841.7249191,7817.44506,99.02913,2.05339
310,13862.5483871,7813.40502,99.03226,2.07177
311,13899.1832797,7827.45513,99.03537,2.01833
312,13873.5320513,7827.98263,99.03846,2.27363
313,13854.7060703,7822.53899,99.04153,2.03012
314,13861.3789809,7810.96499,99.04459,2.12007
315,13852.9492063,7799.98724,99.04762,2.0637
316,13854.75,7787.70129,99.05063,2.16147
317,13818.6498423,7801.84529,99.05363,2.16114
318,13808.5786164,7791.63216,99.0566,2.04491
319,13836.2445141,7795.03801,99.05956,2.34181
320,13819.540625,7788.5648,99.0625,2.00536
321,13824.3115265,7776.89192,99.06542,2.10925
322,13823.015528,7764.84133,99.06832,2.14015
323,13865.380805,7789.99531,99.07121,2.00743
324,13852.0216049,7781.66922,99.07407,2.09148
325,13838.5015385,7773.49853,99.07692,2.20822
326,13819.8220859,7768.8686,99.07975,2.02245
327,13797.587156,7767.36237,99.08257,2.08607
328,13782.6768293,7760.19828,99.08537,2.08259
329,13782.9361702,7748.39712,99.08815,2.10792
330,13832.3909091,7788.47766,99.09091,2.01655
331,13823.9365559,7778.22007,99.09366,2.05491
332,13808.753012,7771.40818,99.09639,2.05213
333,13794.8828829,7763.84503,99.0991,2.18632
334,13806.2095808,7754.96878,99.1018,2.08688
335,13795.9044776,7745.6755,99.10448,2.13302
336,13794.5565476,7734.17995,99.10714,2.0023
337,13787.5727003,7723.75735,99.10979,2.51114
338,13781.8372781,7713.04187,99.11243,2.06285
339,13852.9734513,7811.90919,99.11504,2.01768
340,13827.1705882,7814.86655,99.11765,3.13824
341,13830.6627566,7803.66506,99.12023,2.07388
342,13845.8947368,7797.32281,99.12281,2.0052
343,13830.7434402,7790.9883,99.12536,2.12134
344,13882.5523256,7838.60407,99.12791,2.24128
345,13857.0086957,7841.56032,99.13043,2.2788
346,13829.2456647,7847.18245,99.13295,2.0092
347,13810.6368876,7843.50869,99.13545,2.51983
348,13831.5143678,7841.88062,99.13793,2.09473
349,13835.1260745,7830.92762,99.1404,2.16419
350,13839.3457143,7820.12991,99.14286,2.01045
351,13843.2905983,7809.33091,99.1453,2.49491
352,13910.8664773,7900.33138,99.14773,2.00007
353,13891.7648725,7897.26895,99.15014,2.24476
354,13900.1836158,7887.69284,99.15254,2.05986
355,13937.6788732,7908.1053,99.15493,2.05905
356,13908.6292135,7915.93576,99.1573,2.1157
357,13906.859944,7904.91173,99.15966,2.18183
358,13965.1731844,7970.38505,99.16201,2.12892
359,13999.6211699,7985.91935,99.16435,2.04161
360,13986.7472222,7978.54971,99.16667,2.1204
361,13965.867036,7977.33497,99.16898,2.05902
362,13964.359116,7966.36045,99.17127,2.3683
363,13952.6225895,7958.5133,99.17355,2.02457
364,13964.6208791,7950.8607,99.17582,2.04399
365,13952.4520548,7943.35521,99.17808,2.16572
366,13948.0054645,7932.95109,99.18033,2.17373
367,13947.0326975,7922.15774,99.18256,2.01931
368,13935.9375,7914.24141,99.18478,2.08557
369,13916.7289973,7912.0954,99.18699,2.12739
370,13938.7864865,7912.74868,99.18919,2.03307
371,13914.7843666,7915.55336,99.19137,2.05704
372,13917.9865591,7905.14764,99.19355,2.07095
373,13925.3565684,7895.82345,99.19571,2.06839
374,13923.9893048,7885.30468,99.19786,2.23194
375,13930.6106667,7875.82497,99.2,2.1289
376,13907.7632979,7877.77888,99.20213,2.38775
377,13900.4270557,7868.60996,99.20424,2.1318
378,13877.9761905,7870.27636,99.20635,2.20923
379,13924.994723,7912.86783,99.20844,2.18104
380,13915.9763158,7904.39939,99.21053,2.19079
381,13885.7874016,7915.92459,99.2126,2.72865
382,13886.9371728,7905.5885,99.21466,2.18497
383,13911.0626632,7909.32915,99.21671,2.20985
384,13909.0885417,7899.11831,99.21875,2.00057
385,13891.5246753,7896.35753,99.22078,2.27133
386,13917.2202073,7902.22295,99.2228,2.2762
387,13989.6770026,8019.36816,99.22481,2.08771
388,13969.5798969,8018.77949,99.2268,2.32617
389,13980.8534704,8011.54411,99.22879,2.04331
390,13979.3641026,8001.32023,99.23077,2.01753
391,13969.2506394,7993.57733,99.23274,2.16404
392,13974.2857143,7983.99573,99.23469,2.12779
393,13945.7099237,7993.87807,99.23664,2.18696
394,13948.3832487,7983.90301,99.23858,2.11761
395,13931.5468354,7980.79059,99.24051,2.01941
396,13910.0530303,7982.14639,99.24242,2.05242
397,13902.7884131,7973.39761,99.24433,2.09061
398,13926.7160804,7977.63303,99.24623,2.14425
399,13913.6491228,7971.89313,99.24812,2.11777
400,13938.1725,7976.97684,99.25,2.13138
401,13916.5985037,7978.69981,99.25187,2.07338
402,13892.8034826,7983.00324,99.25373,2.00924
403,13908.5905707,7979.37324,99.25558,2.06585
404,13920.0841584,7972.83103,99.25743,2.06186
405,13947.5580247,7982.10662,99.25926,2.01453
406,13968.5788177,7983.48632,99.26108,2.07943
407,13974.4226044,7974.54193,99.2629,2.35078
408,13950.8137255,7978.99156,99.26471,2.04717
409,13923.9339853,7987.70532,99.2665,2.02046
410,13927.5243902,7978.28869,99.26829,2.1597
411,13956.9318735,7990.79375,99.27007,2.02674
412,13987.5242718,8005.15179,99.27184,2.17091
413,13988.2590799,7995.46836,99.27361,2.03116
414,14005.9927536,7993.93404,99.27536,2.18328
415,14006.1108434,7984.29735,99.27711,2.14898
416,14024.9134615,7983.88877,99.27885,2.19512
417,14014.0647482,7977.37934,99.28058,2.12686
418,14030.0669856,7974.5293,99.2823,2.00982
419,14022.4152745,7966.54363,99.28401,2.11725
420,14018.3880952,7957.48099,99.28571,2.10608
421,14001.5510689,7955.51131,99.28741,2.13296
422,13983.6350711,7954.57839,99.2891,2.22845
423,14007.6761229,7960.50467,99.29078,2.09331
424,14053.6485849,8007.13273,99.29245,2.0619
425,14051.9811765,7997.78072,99.29412,2.21251
426,14028.7323944,8002.75328,99.29577,2.35113
427,14005.1873536,8008.13556,99.29742,2.22869
428,14000.9228972,7999.26018,99.29907,2.06072
429,13988.6433566,7993.96921,99.3007,2.00401
430,13993.9627907,7985.42861,99.30233,2.14527
431,13972.324826,7988.76994,99.30394,2.18969
432,13952.5833333,7990.0366,99.30556,2.10921
433,13955.3833718,7981.01709,99.30716,2.08647
434,13966.5299539,7975.19065,99.30876,2.09213
435,13949.4597701,7973.95224,99.31034,2.2092
436,13929.9082569,7975.23439,99.31193,2.18755
437,13936.7665904,7967.39128,99.3135,2.04501
438,13934.6073059,7958.4189,99.31507,2.45954
439,13921.952164,7953.76036,99.31663,2.1067
440,13968.7318182,8004.94881,99.31818,2.52908
441,13963.739229,7996.55354,99.31973,2.15804
442,13990.6832579,8007.51862,99.32127,2.1266
443,13979.2054176,8002.11489,99.3228,2.11349
444,13994.527027,7999.60107,99.32432,2.00012
445,14008.3460674,7995.91147,99.32584,2.00449
446,13992.544843,7993.89493,99.32735,2.11007
447,13989.3758389,7985.22867,99.32886,2.12256
448,13998.5870536,7978.68869,99.33036,2.00167
449,13984.9131403,7975.05221,99.33185,2.06104
450,13962.5555556,7980.26059,99.33333,2.53618
451,13961.6385809,7971.43212,99.33481,2.10641
452,13946.2057522,7969.35143,99.33628,2.00487
453,14017.2759382,8102.67865,99.33775,2.06708
454,14013.0440529,8094.25123,99.33921,2.28016
455,13998.8923077,8090.97233,99.34066,2.15334
456,14007.8442982,8084.35125,99.34211,2.07456
457,14013.7592998,8076.48913,99.34354,2.15593
458,14029.4475983,8074.63509,99.34498,2.06869
459,14023.0697168,8066.9892,99.34641,2.1883
460,14021.9934783,8058.24895,99.34783,2.47564
461,14040.1475054,8058.91557,99.34924,2.21903
462,14045.504329,8051.01067,99.35065,2.06289
463,14090.9028078,8101.29419,99.35205,2.22892
464,14072.7650862,8101.96506,99.35345,2.1388
465,14095.0193548,8107.43299,99.35484,2.0055
466,14085.8583691,8101.1383,99.35622,2.1511
467,14063.8715203,8106.36689,99.3576,2.28971
468,14073.1666667,8100.19259,99.35897,2.11443
469,14087.7803838,8097.726,99.36034,2.10832
470,14098.8617021,8092.66583,99.3617,2.04756
471,14134.7303609,8121.3839,99.36306,2.0515
472,14160.1419492,8131.49956,99.36441,2.05198
473,14143.6913319,8130.75813,99.36575,2.16894
474,14168.556962,8140.16047,99.36709,2.11792
475,14170.9073684,8131.74837,99.36842,2.00838
476,14160.4978992,8126.36957,99.36975,2.05495
477,14170.0964361,8120.54758,99.37107,2.11214
478,14165.9539749,8112.55334,99.37238,2.11432
479,14155.9979123,8107.00344,99.3737,2.08294
480,14156.13125,8098.55477,99.375,2.22657
481,14151.8814969,8090.66769,99.3763,2.05188
482,14133.6141079,8092.1941,99.37759,2.18591
483,14124.0786749,8086.52299,99.37888,2.05092
484,14132.7396694,8080.40706,99.38017,2.05762
485,14116.0824742,8080.38645,99.38144,2.1611
486,14120.617284,8072.68679,99.38272,2.04187
487,14103.2669405,8073.46016,99.38398,2.00646
488,14121.8565574,8075.61058,99.38525,2.31591
489,14150.3537832,8091.87383,99.3865,2.13483
490,14139.8,8086.98081,99.38776,2.25824
491,14160.5071283,8091.73451,99.389,2.0835
492,14144.3943089,8091.38805,99.39024,2.05819
493,14131.3711968,8088.33754,99.39148,2.02595
494,14126.5506073,8080.8557,99.39271,2.1127
495,14110.2949495,8080.7702,99.39394,2.14819
496,14104.6370968,8073.60153,99.39516,2.10621
497,14137.5331992,8098.68118,99.39638,2.04953
498,14150.6305221,8095.813,99.39759,2.04159
499,14138.1603206,8092.48311,99.3988,2.16018
500,14141.246,8084.68042,99.4,2.15347
