simulation,sample_comp_mean,sample_comp_std,correctness,theta_dist
1,3686.0,0.0,100.0,1.48754
2,4871.0,1185.0,100.0,1.42395
3,4712.66666667,993.12078,100.0,1.41423
4,4268.0,1154.51375,100.0,1.50801
5,4003.6,1160.1513,100.0,1.57406
6,3784.0,1167.36741,100.0,1.415
7,3787.14285714,1080.79963,100.0,1.46004
8,3648.5,1075.4835,100.0,1.6665
9,3591.77777778,1026.58937,100.0,1.41591
10,3563.2,977.67447,100.0,1.45781
11,3719.09090909,1054.50078,100.0,1.48887
12,3801.66666667,1046.09459,100.0,1.42036
13,3745.46153846,1023.74025,100.0,1.61954
14,3819.5,1021.98132,100.0,1.41854
15,3805.46666667,988.72301,100.0,1.41835
16,3791.0625,958.95102,100.0,1.49975
17,3776.64705882,932.10438,100.0,1.48335
18,3878.0,997.58809,100.0,1.4209
19,3859.52631579,974.1391,100.0,1.56203
20,3956.7,1039.66889,100.0,1.4199
21,4015.19047619,1047.78917,100.0,1.43515
22,4082.68181818,1069.39985,100.0,1.44726
23,4085.91304348,1046.00349,100.0,1.44158
24,4136.625,1052.46567,100.0,1.41849
25,4058.2,1100.44907,100.0,1.6291
26,4011.80769231,1103.72906,100.0,1.44067
27,4058.96296296,1109.46509,100.0,1.45566
28,4056.75,1089.53377,100.0,1.45878
29,4025.13793103,1083.57323,100.0,1.44307
30,4003.93333333,1071.46286,100.0,1.51851
31,4002.35483871,1054.075,100.0,1.43
32,4044.4375,1063.60354,100.0,1.41628
33,4003.63636364,1072.49409,100.0,1.46071
34,4046.29411765,1084.64853,100.0,1.41912
35,4045.34285714,1069.05566,100.0,1.43003
36,4036.63888889,1055.36008,100.0,1.44781
37,4025.45945946,1043.15956,100.0,1.41422
38,4007.76315789,1034.95526,100.0,1.49432
39,3980.79487179,1035.03837,100.0,1.49178
40,4013.975,1042.81241,100.0,1.42433
41,4004.70731707,1031.68307,100.0,1.43583
42,3976.19047619,1035.55272,100.0,1.42785
43,3961.86046512,1027.6455,100.0,1.44375
44,3963.20454545,1015.93883,100.0,1.41777
45,3927.48888889,1032.14447,100.0,1.49339
46,3933.65217391,1021.70074,100.0,1.41495
47,3919.46808511,1015.34084,100.0,1.44366
48,3935.91666667,1011.01716,100.0,1.41812
49,3933.89795918,1000.74522,100.0,1.46781
50,3961.52,1009.37954,100.0,1.41839
51,3961.84313725,999.43728,100.0,1.41826
52,3972.67307692,992.79777,100.0,1.45766
53,4003.26415094,1007.82568,100.0,1.43229
54,3995.55555556,1000.02625,100.0,1.41834
55,4028.89090909,1020.72377,100.0,1.41459
56,4023.07142857,1012.48936,100.0,1.51401
57,4022.40350877,1003.58102,100.0,1.41507
58,4017.0,995.72791,100.0,1.41617
59,4025.20338983,989.22827,100.0,1.42222
60,4027.28333333,981.08015,100.0,1.46137
61,3997.73770492,999.55787,100.0,1.46141
62,3998.32258065,991.47467,100.0,1.42032
63,3982.98412698,990.96172,100.0,1.42069
64,3965.703125,992.71102,100.0,1.47172
65,3959.10769231,986.4573,100.0,1.41475
66,3968.01515152,981.58615,100.0,1.42379
67,3997.31343284,1002.88798,100.0,1.42209
68,3985.98529412,999.7956,100.0,1.42839
69,3971.69565217,999.49467,100.0,1.4186
70,3996.35714286,1013.25385,100.0,1.41561
71,3986.18309859,1009.68749,100.0,1.54073
72,3965.625,1017.50511,100.0,1.42946
73,3964.54794521,1010.55319,100.0,1.41897
74,3956.24324324,1006.20683,100.0,1.45969
75,3939.96,1009.24401,100.0,1.46358
76,3951.94736842,1007.94269,100.0,1.44341
77,3967.42857143,1010.43014,100.0,1.41815
78,3964.76923077,1004.20331,100.0,1.41436
79,3961.48101266,998.24986,100.0,1.41543
80,3960.0125,992.07704,100.0,1.44554
81,3972.77777778,992.52316,100.0,1.46123
82,3979.51219512,988.31287,100.0,1.4169
83,3994.13253012,991.22245,100.0,1.41753
84,3975.16666667,1000.34029,100.0,1.60084
85,3989.77647059,1003.41291,100.0,1.41597
86,3979.72093023,1001.86064,100.0,1.4156
87,3997.32183908,1009.37098,100.0,1.42409
88,4007.26136364,1007.89248,100.0,1.42402
89,4024.1011236,1014.58763,100.0,1.42787
90,4020.17777778,1009.61397,100.0,1.43783
91,4014.85714286,1005.31929,100.0,1.41904
92,4012.08695652,1000.18983,100.0,1.48009
93,4009.74193548,995.05218,100.0,1.47262
94,4010.54255319,989.77531,100.0,1.45349
95,4016.8,986.4196,100.0,1.41543
96,4016.42708333,981.27528,100.0,1.41891
97,4022.64948454,978.10599,100.0,1.42201
98,4026.2755102,973.75794,100.0,1.43149
99,4020.7979798,970.34377,100.0,1.4319
100,4035.7,976.79901,100.0,1.41514
101,4028.88118812,974.34031,100.0,1.43891
102,4025.40196078,970.18266,100.0,1.45902
103,4050.3592233,997.82174,100.0,1.42048
104,4048.77884615,993.14246,100.0,1.42405
105,4049.6,988.43737,100.0,1.42085
106,4048.02830189,983.8957,100.0,1.49584
107,4055.77570093,982.53035,100.0,1.46052
108,4054.58333333,978.0488,100.0,1.60216
109,4058.63302752,974.46123,100.0,1.42038
110,4059.93636364,970.11718,100.0,1.45259
111,4050.54054054,970.75213,100.0,1.48105
112,4050.91071429,966.41656,100.0,1.42416
113,4051.78761062,962.17564,100.0,1.6582
114,4055.0,958.55472,100.0,1.41721
115,4072.33913043,972.16816,100.0,1.42084
116,4062.35344828,973.87398,100.0,1.54629
117,4075.41880342,979.86014,100.0,1.41969
118,4070.96610169,976.88737,100.0,1.41476
119,4099.55462185,1021.14217,100.0,1.42271
120,4105.41666667,1018.88722,100.0,1.45523
121,4098.74380165,1017.29781,100.0,1.41968
122,4104.1557377,1014.86751,100.0,1.44049
123,4121.85365854,1029.46337,100.0,1.41732
124,4115.83870968,1027.47175,100.0,1.41483
125,4127.608,1031.7115,100.0,1.41706
126,4118.24603175,1032.92622,100.0,1.54201
127,4122.71653543,1030.07459,100.0,1.42045
128,4126.765625,1027.05714,100.0,1.4194
129,4132.66666667,1025.24461,100.0,1.43667
130,4129.83846154,1021.79879,100.0,1.4283
131,4127.76335878,1018.16626,100.0,1.42285
132,4128.78787879,1014.37002,100.0,1.42307
133,4122.7443609,1012.93202,100.0,1.42831
134,4116.70149254,1011.54881,100.0,1.47945
135,4119.38518519,1008.27407,100.0,1.42251
136,4120.21323529,1004.60641,100.0,1.4623
137,4114.54014599,1003.11733,100.0,1.41535
138,4116.07971014,999.63867,100.0,1.42048
139,4118.30935252,996.38069,100.0,1.44898
140,4116.20714286,993.12512,100.0,1.43344
141,4121.11347518,991.29843,100.0,1.55492
142,4106.55633803,1002.8119,100.0,1.55444
143,4113.98601399,1003.2137,100.0,1.41476
144,4101.09722222,1011.5354,100.0,1.4774
145,4113.20689655,1018.46161,100.0,1.42489
146,4116.19863014,1015.60687,100.0,1.41506
147,4121.33333333,1014.04631,100.0,1.42067
148,4134.84459459,1023.80539,100.0,1.42537
149,4130.81879195,1021.53873,100.0,1.43494
150,4143.82,1030.4223,100.0,1.42743
151,4160.82119205,1047.9001,100.0,1.41546
152,4162.57236842,1044.66902,100.0,1.42248
153,4164.07843137,1041.41502,100.0,1.41626
154,4165.00649351,1038.09177,100.0,1.41717
155,4162.58709677,1035.17316,100.0,1.48349
156,4156.97435897,1034.21336,100.0,1.42471
157,4163.44585987,1034.07828,100.0,1.41485
158,4160.58227848,1031.42497,100.0,1.46267
159,4159.50314465,1028.26585,100.0,1.42111
160,4161.73125,1025.43244,100.0,1.41626
161,4162.74534161,1022.32339,100.0,1.45576
162,4170.66049383,1024.0997,100.0,1.41422
163,4179.7791411,1027.52918,100.0,1.44526
164,4176.76219512,1025.11557,100.0,1.45482
165,4173.77575758,1022.71978,100.0,1.42655
166,4174.30120482,1019.65699,100.0,1.45869
167,4168.85628743,1019.01719,100.0,1.42677
168,4177.94642857,1022.74847,100.0,1.41432
169,4173.23076923,1021.54828,100.0,1.44753
170,4169.54117647,1019.66804,100.0,1.45975
171,4172.29824561,1017.3175,100.0,1.47625
172,4175.6744186,1015.3162,100.0,1.41709
173,4170.08092486,1015.03183,100.0,1.51012
174,4171.56896552,1012.30009,100.0,1.44097
175,4169.89142857,1009.64618,100.0,1.41822
176,4169.17613636,1006.81825,100.0,1.43789
177,4169.74576271,1003.99854,100.0,1.41925
178,4167.74719101,1001.52737,100.0,1.41442
179,4158.05027933,1007.07038,100.0,1.45577
180,4155.28333333,1004.95113,100.0,1.52872
181,4156.19337017,1002.24555,100.0,1.429
182,4174.53846154,1029.51013,100.0,1.42435
183,4168.15846995,1030.29488,100.0,1.44421
184,4171.22282609,1028.32723,100.0,1.41624
185,4176.37297297,1027.92088,100.0,1.42774
186,4186.38172043,1034.15325,100.0,1.41932
187,4184.2513369,1031.79359,100.0,1.66839
188,4173.05319149,1040.37722,100.0,1.51232
189,4175.45502646,1038.14373,100.0,1.41987
190,4170.43684211,1037.70396,100.0,1.4165
191,4171.29842932,1035.05202,100.0,1.42054
192,4191.30208333,1068.72857,100.0,1.41989
193,4183.02072539,1072.11485,100.0,1.41943
194,4174.50515464,1075.87208,100.0,1.48438
195,4172.80512821,1073.3711,100.0,1.45803
196,4182.60204082,1079.33467,100.0,1.42716
197,4176.06091371,1080.47949,100.0,1.42514
198,4164.4040404,1090.09572,100.0,1.42949
199,4164.38693467,1087.35336,100.0,1.41966
200,4166.06,1084.88832,100.0,1.435
201,4163.99004975,1082.58209,100.0,1.48072
202,4158.16831683,1083.0487,100.0,1.44823
203,4157.82758621,1080.38865,100.0,1.48627
204,4158.2254902,1077.7523,100.0,1.4947
205,4153.85365854,1076.9322,100.0,1.41663
206,4147.91747573,1077.67193,100.0,1.47645
207,4149.43478261,1075.28625,100.0,1.44153
208,4139.18269231,1082.79199,100.0,1.5398
209,4127.76076555,1092.68683,100.0,1.74228
210,4134.02857143,1093.84167,100.0,1.417
211,4137.08530806,1092.14523,100.0,1.42584
212,4151.48113208,1109.45142,100.0,1.43195
213,4152.07042254,1106.87727,100.0,1.43526
214,4155.39252336,1105.35194,100.0,1.42459
215,4148.0,1108.06817,100.0,1.54062
216,4147.69907407,1105.50903,100.0,1.42132
217,4146.0,1103.24147,100.0,1.42063
218,4142.04587156,1102.24831,100.0,1.41494
219,4139.79452055,1100.23115,100.0,1.42408
220,4140.76818182,1097.82233,100.0,1.41566
221,4135.99095023,1097.62528,100.0,1.47842
222,4149.35135135,1113.01522,100.0,1.42357
223,4153.51569507,1112.24888,100.0,1.42107
224,4151.10714286,1110.3461,100.0,1.44152
225,4153.08888889,1108.27288,100.0,1.43307
226,4156.70353982,1107.14667,100.0,1.42389
227,4158.49779736,1105.03458,100.0,1.42147
228,4161.34649123,1103.44363,100.0,1.42311
229,4156.39737991,1103.56487,100.0,1.44721
230,4154.62173913,1101.491,100.0,1.55276
231,4157.05194805,1099.722,100.0,1.41435
232,4165.47413793,1104.79011,100.0,1.41836
233,4167.20600858,1102.73232,100.0,1.43325
234,4174.51709402,1106.01818,100.0,1.42021
235,4177.62978723,1104.68909,100.0,1.42033
236,4182.11440678,1104.48782,100.0,1.42934
237,4178.37130802,1103.65423,100.0,1.55114
238,4187.60084034,1110.46092,100.0,1.4201
239,4182.0251046,1111.46889,100.0,1.4473
240,4184.5375,1109.83077,100.0,1.45729
241,4190.42738589,1111.2782,100.0,1.41921
242,4195.0661157,1111.31542,100.0,1.42825
243,4187.22633745,1115.71206,100.0,1.42814
244,4187.39344262,1113.42647,100.0,1.41559
245,4186.2,1111.30822,100.0,1.49596
246,4183.12601626,1110.0904,100.0,1.47363
247,4185.73684211,1108.59752,100.0,1.41425
248,4181.53225806,1108.33184,100.0,1.41909
249,4174.19678715,1112.11996,100.0,1.5076
250,4172.116,1110.37906,100.0,1.43795
251,4168.72111554,1109.46421,100.0,1.42309
252,4167.71428571,1107.3756,100.0,1.55211
253,4167.39525692,1105.19654,100.0,1.41694
254,4167.30708661,1103.01971,100.0,1.43228
255,4165.72156863,1101.14477,100.0,1.55657
256,4162.69921875,1100.05124,100.0,1.41677
257,4167.32684825,1100.40281,100.0,1.42805
258,4162.25193798,1101.27742,100.0,1.41456
259,4166.91505792,1101.69842,100.0,1.43728
260,4160.11153846,1105.01572,100.0,1.44461
261,4160.99233716,1102.98824,100.0,1.41618
262,4158.17938931,1101.81887,100.0,1.42481
263,4154.57794677,1101.26612,100.0,1.53509
264,4153.23106061,1099.39542,100.0,1.51204
265,4153.31320755,1097.31994,100.0,1.41996
266,4152.0037594,1095.46278,100.0,1.42183
267,4149.7340824,1094.03586,100.0,1.53555
268,4148.09328358,1092.32192,100.0,1.43737
269,4147.76579926,1090.30287,100.0,1.46459
270,4148.67037037,1088.38304,100.0,1.45005
271,4142.50184502,1091.09129,100.0,1.46473
272,4139.6875,1090.06876,100.0,1.41508
273,4134.24175824,1091.77095,100.0,1.43114
274,4131.13138686,1090.98794,100.0,1.52612
275,4128.34181818,1089.98104,100.0,1.41514
276,4127.92391304,1088.02672,100.0,1.54481
277,4127.09386282,1086.14854,100.0,1.41723
278,4129.68705036,1085.05197,100.0,1.41681
279,4132.53046595,1084.14277,100.0,1.42617
280,4136.10714286,1083.85283,100.0,1.42134
281,4140.86120996,1084.84318,100.0,1.41954
282,4136.5,1085.3829,100.0,1.42236
283,4137.89399293,1083.71642,100.0,1.43036
284,4150.97887324,1103.97442,100.0,1.42358
285,4148.54035088,1102.80186,100.0,1.41555
286,4148.76573427,1100.87877,100.0,1.42554
287,4145.17421603,1100.63637,100.0,1.49785
288,4140.85416667,1101.15866,100.0,1.49849
289,4138.89965398,1099.75221,100.0,1.44968
290,4138.22758621,1097.91389,100.0,1.42784
291,4141.60824742,1097.53677,100.0,1.46968
292,4139.64383562,1096.16815,100.0,1.41737
293,4144.93174061,1098.02028,100.0,1.42388
294,4144.49659864,1096.17661,100.0,1.41648
295,4143.01694915,1094.61117,100.0,1.43431
296,4147.35135135,1095.29352,100.0,1.41785
297,4147.29292929,1093.4485,100.0,1.41733
298,4146.47651007,1091.70298,100.0,1.42328
299,4144.68896321,1090.31262,100.0,1.52438
300,4144.74,1088.49427,100.0,1.43066
301,4149.9269103,1090.392,100.0,1.42479
302,4155.59933775,1093.02465,100.0,1.41948
303,4154.71617162,1091.32741,100.0,1.42098
304,4150.18421053,1092.38317,100.0,1.48175
305,4149.80655738,1090.61079,100.0,1.43332
306,4156.23529412,1094.60043,100.0,1.42362
307,4155.49837134,1092.89226,100.0,1.45043
308,4156.24350649,1091.19475,100.0,1.42098
309,4153.11003236,1090.8147,100.0,1.4148
310,4152.79032258,1089.06841,100.0,1.42478
311,4148.91318328,1089.45686,100.0,1.49435
312,4145.55448718,1089.32106,100.0,1.41762
313,4153.67412141,1096.99541,100.0,1.42253
314,4152.75477707,1095.36797,100.0,1.43369
315,4154.2031746,1093.92903,100.0,1.46413
316,4149.90506329,1094.85753,100.0,1.41923
317,4148.77602524,1093.31349,100.0,1.45889
318,4149.42138365,1091.65356,100.0,1.44771
319,4147.72100313,1090.36286,100.0,1.4169
320,4145.828125,1089.18266,100.0,1.45013
321,4143.77570093,1088.10438,100.0,1.44284
322,4144.31677019,1086.45671,100.0,1.41731
323,4140.26315789,1087.20963,100.0,1.56535
324,4138.31481481,1086.09515,100.0,1.45635
325,4135.68307692,1085.45712,100.0,1.45427
326,4137.39263804,1084.22915,100.0,1.41556
327,4136.01834862,1082.85437,100.0,1.41945
328,4132.25914634,1083.3373,100.0,1.42562
329,4129.02735562,1083.27201,100.0,1.67637
330,4126.92424242,1082.30192,100.0,1.56569
331,4129.19335347,1081.45165,100.0,1.43051
332,4125.78614458,1081.59954,100.0,1.47717
333,4130.96396396,1084.08733,100.0,1.41431
334,4128.5,1083.39666,100.0,1.46533
335,4126.97313433,1082.13828,100.0,1.49028
336,4128.37202381,1080.83007,100.0,1.41691
337,4127.58753709,1079.32107,100.0,1.48469
338,4131.80177515,1080.4964,100.0,1.42471
339,4132.04424779,1078.91078,100.0,1.45581
340,4133.64705882,1077.72709,100.0,1.42278
341,4135.92668622,1076.9663,100.0,1.42446
342,4132.4502924,1077.30503,100.0,1.55654
343,4127.44897959,1079.70226,100.0,1.50683
344,4126.02906977,1078.45245,100.0,1.53654
345,4126.25217391,1076.89629,100.0,1.42257
346,4122.67052023,1077.39483,100.0,1.4577
347,4128.14697406,1080.65328,100.0,1.41903
348,4127.18390805,1079.24861,100.0,1.41824
349,4126.79942693,1077.72517,100.0,1.53243
350,4125.88285714,1076.32067,100.0,1.45941
351,4128.43019943,1075.84239,100.0,1.42115
352,4125.27556818,1075.9376,100.0,1.5023
353,4124.91784703,1074.43349,100.0,1.44829
354,4130.01412429,1077.17892,100.0,1.42796
355,4129.13239437,1075.78861,100.0,1.43926
356,4128.58707865,1074.32574,100.0,1.45442
357,4124.50420168,1075.58231,100.0,1.48458
358,4125.9273743,1074.4156,100.0,1.42049
359,4124.50696379,1073.2547,100.0,1.42804
360,4123.05,1072.11849,100.0,1.41683
361,4118.37119114,1074.30669,100.0,1.55464
362,4116.87016575,1073.20083,100.0,1.41422
363,4115.83471074,1071.90263,100.0,1.50354
364,4116.96703297,1070.6466,100.0,1.4143
365,4114.3890411,1070.30967,100.0,1.43161
366,4114.65300546,1068.8584,100.0,1.52572
367,4113.6866485,1067.56129,100.0,1.41735
368,4123.14130435,1081.38635,100.0,1.43802
369,4119.4498645,1082.23934,100.0,1.6064
370,4119.5,1080.77629,100.0,1.41425
371,4118.37735849,1079.53474,100.0,1.53137
372,4118.7688172,1078.10914,100.0,1.47004
373,4116.72386059,1077.38518,100.0,1.43071
374,4113.15508021,1078.14925,100.0,1.4585
375,4111.064,1077.46991,100.0,1.46657
376,4111.56382979,1076.07968,100.0,1.43702
377,4113.72679045,1075.4697,100.0,1.4167
378,4111.53968254,1074.88537,100.0,1.56043
379,4115.01583113,1075.59178,100.0,1.42234
380,4121.40789474,1081.35959,100.0,1.41665
381,4126.35170604,1084.23112,100.0,1.43132
382,4130.12827225,1085.31735,100.0,1.42981
383,4127.75456919,1084.89198,100.0,1.54193
384,4124.20052083,1085.70867,100.0,1.4555
385,4121.79220779,1085.32427,100.0,1.50289
386,4118.69170984,1085.62341,100.0,1.54157
387,4124.56589147,1090.34494,100.0,1.42229
388,4120.14175258,1092.41145,100.0,1.42933
389,4118.80462725,1091.3243,100.0,1.41769
390,4114.87948718,1092.67018,100.0,1.45689
391,4120.81841432,1097.55648,100.0,1.44429
392,4119.10714286,1096.67781,100.0,1.44668
393,4116.86259542,1096.18283,100.0,1.44504
394,4117.65482234,1094.90349,100.0,1.43925
395,4118.61518987,1093.68281,100.0,1.41845
396,4115.96212121,1093.57297,100.0,1.49714
397,4116.83879093,1092.33412,100.0,1.58975
398,4117.46984925,1091.03344,100.0,1.4186
399,4116.46365915,1089.85025,100.0,1.55996
400,4118.685,1089.39108,100.0,1.44111
401,4121.9201995,1089.95413,100.0,1.43198
402,4121.82338308,1088.59935,100.0,1.41551
403,4122.30521092,1087.29081,100.0,1.41898
404,4121.42326733,1086.08863,100.0,1.42276
405,4118.01481481,1086.90821,100.0,1.49085
406,4113.30788177,1089.69378,100.0,1.45678
407,4113.02211302,1088.3695,100.0,1.42802
408,4107.20833333,1093.34417,100.0,1.48409
409,4104.41564792,1093.46274,100.0,1.51231
410,4104.48292683,1092.12928,100.0,1.42361
411,4100.56447689,1093.68165,100.0,1.49687
412,4100.26941748,1092.36994,100.0,1.42587
413,4102.17917676,1091.73506,100.0,1.43244
414,4099.94927536,1091.35701,100.0,1.4287
415,4099.27228916,1090.12836,100.0,1.53692
416,4106.36778846,1098.37006,100.0,1.42707
417,4107.48920863,1097.29069,100.0,1.42371
418,4105.14593301,1097.02146,100.0,1.50309
419,4102.44868735,1097.09839,100.0,1.78713
420,4104.75,1096.8036,100.0,1.41771
421,4102.04750594,1096.89935,100.0,1.41447
422,4100.77725118,1095.9089,100.0,1.41623
423,4102.63120567,1095.27509,100.0,1.42049
424,4101.8490566,1094.10099,100.0,1.43326
425,4102.13647059,1092.82908,100.0,1.42258
426,4099.56338028,1092.83383,100.0,1.5236
427,4101.45901639,1092.25439,100.0,1.4171
428,4104.92056075,1093.32002,100.0,1.41883
429,4101.30536131,1094.60318,100.0,1.44125
430,4100.55348837,1093.44055,100.0,1.49228
431,4101.16473318,1092.24486,100.0,1.44558
432,4101.15972222,1090.97996,100.0,1.43204
433,4103.2517321,1090.58659,100.0,1.42712
434,4102.32718894,1089.4993,100.0,1.52692
435,4107.02068966,1092.6301,100.0,1.41884
436,4106.3233945,1091.47326,100.0,1.44054
437,4104.90617849,1090.62526,100.0,1.45337
438,4102.34931507,1090.69001,100.0,1.54747
439,4103.0,1089.53217,100.0,1.42658
440,4101.12272727,1089.00392,100.0,1.42965
441,4102.32653061,1088.06157,100.0,1.42033
442,4102.15158371,1086.83624,100.0,1.41683
443,4102.58013544,1085.64626,100.0,1.41767
444,4097.97747748,1088.74145,100.0,1.48439
445,4102.76853933,1092.19317,100.0,1.42066
446,4105.9058296,1092.97358,100.0,1.41428
447,4102.17225951,1094.5939,100.0,1.42163
448,4100.953125,1093.67535,100.0,1.41946
449,4097.19153675,1095.35419,100.0,1.42298
450,4098.42222222,1094.44718,100.0,1.42248
451,4095.74722838,1094.70486,100.0,1.48862
452,4096.0420354,1093.51116,100.0,1.42156
453,4096.09713024,1092.30415,100.0,1.4196
454,4092.34581498,1094.01787,100.0,1.4237
455,4094.53406593,1093.8092,100.0,1.42069
456,4095.7872807,1092.93615,100.0,1.41756
457,4096.3785558,1091.81274,100.0,1.50586
458,4093.30349345,1092.59952,100.0,1.50602
459,4095.64488017,1092.55832,100.0,1.41945
460,4099.14347826,1093.94103,100.0,1.42455
461,4095.65943601,1095.30581,100.0,1.47612
462,4094.93290043,1094.23097,100.0,1.42674
463,4096.74730022,1093.74416,100.0,1.41906
464,4098.34267241,1093.10408,100.0,1.41527
465,4094.87526882,1094.47957,100.0,1.52643
466,4094.34549356,1093.36429,100.0,1.46276
467,4088.67665953,1099.02723,100.0,1.75345
468,4088.42735043,1097.86565,100.0,1.46595
469,4090.74840085,1097.84346,100.0,1.42692
470,4095.83617021,1102.19605,100.0,1.41891
471,4095.00424628,1101.17308,100.0,1.466
472,4093.5190678,1100.47809,100.0,1.42396
473,4092.72938689,1099.44805,100.0,1.44207
474,4095.98945148,1100.57389,100.0,1.49696
475,4093.58105263,1100.66445,100.0,1.56594
476,4090.69957983,1101.29969,100.0,1.41586
477,4091.57023061,1100.30866,100.0,1.43245
478,4092.83682008,1099.50515,100.0,1.42575
479,4092.37160752,1098.40394,100.0,1.42392
480,4091.78333333,1097.3347,100.0,1.42612
481,4089.3970894,1097.4394,100.0,1.51744
482,4092.89211618,1098.97682,100.0,1.44583
483,4093.08695652,1097.8469,100.0,1.41424
484,4093.75413223,1096.81019,100.0,1.42594
485,4093.29072165,1095.72631,100.0,1.43603
486,4092.18930041,1094.86716,100.0,1.44918
487,4089.53798768,1095.30313,100.0,1.46723
488,4092.67418033,1096.36698,100.0,1.42623
489,4093.26584867,1095.32337,100.0,1.50568
490,4091.5877551,1094.83417,100.0,1.41978
491,4089.30549898,1094.88486,100.0,1.52014
492,4089.8800813,1093.84571,100.0,1.42319
493,4088.69979716,1093.04933,100.0,1.49191
494,4088.22064777,1091.99427,100.0,1.46512
495,4086.91717172,1091.27532,100.0,1.42586
496,4085.20766129,1090.83796,100.0,1.47475
497,4086.6861167,1090.23732,100.0,1.49522
498,4086.75301205,1089.14318,100.0,1.41847
499,4085.65931864,1088.32501,100.0,1.46746
500,4086.566,1087.42477,100.0,1.53021
