simulation,sample_comp_mean,sample_comp_std,correctness,theta_dist
1,3159.0,0.0,100.0,1.42932
2,3625.0,466.0,100.0,1.42262
3,3587.66666667,384.13308,100.0,1.45622
4,3333.5,551.78868,100.0,1.41804
5,3183.8,577.24948,100.0,1.45272
6,3193.5,527.40046,100.0,1.41598
7,3036.42857143,621.64617,100.0,1.41676
8,2952.5,622.45201,100.0,1.41954
9,2880.77777778,620.92633,100.0,1.42124
10,3010.6,706.17196,100.0,1.41946
11,3025.18181818,674.88569,100.0,1.42392
12,2875.08333333,815.68371,100.0,1.42592
13,2862.76923077,784.84365,100.0,1.45237
14,2859.5,756.38612,100.0,1.42475
15,2875.6,733.21728,100.0,1.42121
16,2884.0625,710.69073,100.0,1.42797
17,2869.29411765,691.99734,100.0,1.41713
18,2821.94444444,700.26483,100.0,1.41861
19,2776.42105263,708.42407,100.0,1.54488
20,2824.85,722.03416,100.0,1.43996
21,2815.47619048,705.8791,100.0,1.41426
22,2798.59090909,693.97712,100.0,1.45253
23,2785.73913043,681.39462,100.0,1.4487
24,2794.125,668.25914,100.0,1.50844
25,2875.56,766.72504,100.0,1.4385
26,2830.11538462,785.42175,100.0,1.41538
27,2820.74074074,772.22059,100.0,1.4646
28,2774.60714286,795.29345,100.0,1.42904
29,2752.34482759,790.29027,100.0,1.41965
30,2755.36666667,777.17752,100.0,1.43741
31,2716.51612903,793.60053,100.0,1.42142
32,2723.1875,781.98479,100.0,1.416
33,2713.12121212,772.14796,100.0,1.41444
34,2759.79411765,806.57467,100.0,1.6164
35,2741.65714286,801.97225,100.0,1.4401
36,2805.22222222,875.62099,100.0,1.43974
37,2825.91891892,872.58861,100.0,1.4231
38,2836.44736842,863.40902,100.0,1.42319
39,2841.71794872,852.88686,100.0,1.42254
40,2845.175,842.43498,100.0,1.41893
41,2818.34146341,849.22822,100.0,1.41724
42,2820.26190476,839.14756,100.0,1.41887
43,2842.76744186,842.06031,100.0,1.4158
44,2827.54545455,838.39962,100.0,1.4592
45,2817.75555556,831.57121,100.0,1.41924
46,2826.86956522,824.75194,100.0,1.50691
47,2834.42553191,817.53859,100.0,1.41448
48,2832.6875,809.06549,100.0,1.53345
49,2827.69387755,801.51418,100.0,1.41478
50,2807.78,805.61036,100.0,1.41482
51,2814.78431373,799.20925,100.0,1.41672
52,2797.96153846,800.55315,100.0,1.42553
53,2783.1509434,800.12472,100.0,1.42447
54,2783.88888889,792.69974,100.0,1.41901
55,2769.2,792.84244,100.0,1.41807
56,2767.07142857,785.89017,100.0,1.44441
57,2766.80701754,778.9684,100.0,1.43601
58,2757.74137931,775.25121,100.0,1.41534
59,2773.20338983,777.62075,100.0,1.44791
60,2778.08333333,772.02384,100.0,1.41496
61,2780.21311475,765.84733,100.0,1.42572
62,2781.06451613,759.67514,100.0,1.47562
63,2792.74603175,759.21425,100.0,1.4164
64,2803.96875,758.50824,100.0,1.51559
65,2821.38461538,765.43807,100.0,1.4191
66,2817.09090909,760.40553,100.0,1.48092
67,2805.85074627,760.21378,100.0,1.4181
68,2799.25,756.53505,100.0,1.41793
69,2825.13043478,780.76668,100.0,1.41422
70,2807.27142857,789.23712,100.0,1.41456
71,2798.45070423,787.12668,100.0,1.53586
72,2795.88888889,781.93943,100.0,1.42241
73,2811.30136986,787.50031,100.0,1.41956
74,2797.25675676,791.31256,100.0,1.46665
75,2787.65333333,790.34883,100.0,1.44117
76,2791.01315789,785.67093,100.0,1.54577
77,2819.28571429,818.54251,100.0,1.41801
78,2809.55128205,817.75204,100.0,1.41906
79,2824.96202532,823.87979,100.0,1.47517
80,2813.9625,824.53099,100.0,1.41653
81,2817.44444444,820.0171,100.0,1.4567
82,2832.85365854,826.7168,100.0,1.50997
83,2831.09638554,821.87555,100.0,1.41669
84,2830.77380952,816.97407,100.0,1.53802
85,2836.24705882,813.70182,100.0,1.59795
86,2853.09302326,823.73148,100.0,1.52311
87,2854.40229885,819.07371,100.0,1.4443
88,2852.77272727,814.54841,100.0,1.42883
89,2860.21348315,812.96143,100.0,1.4223
90,2856.64444444,809.13322,100.0,1.4883
91,2861.85714286,806.19327,100.0,1.4185
92,2888.13043478,840.0589,100.0,1.43169
93,2882.75268817,837.12093,100.0,1.41652
94,2893.81914894,839.46759,100.0,1.42724
95,2892.04210526,835.21537,100.0,1.42514
96,2889.97916667,831.09717,100.0,1.56424
97,2887.6185567,827.12551,100.0,1.69663
98,2873.06122449,835.29125,100.0,1.41743
99,2887.47474747,843.222,100.0,1.41789
100,2895.25,842.55451,100.0,1.41842
101,2887.85148515,841.63128,100.0,1.41433
102,2889.04901961,837.58195,100.0,1.67018
103,2883.97087379,835.08248,100.0,1.57561
104,2884.67307692,831.08852,100.0,1.51589
105,2871.76190476,837.53602,100.0,1.4168
106,2865.12264151,836.34763,100.0,1.41423
107,2879.00934579,844.61901,100.0,1.47624
108,2872.39814815,843.47652,100.0,1.42558
109,2878.12844037,841.70771,100.0,1.4167
110,2874.23636364,838.85778,100.0,1.41437
111,2882.18018018,839.21652,100.0,1.41995
112,2890.32142857,839.85307,100.0,1.43515
113,2887.96460177,836.50059,100.0,1.48158
114,2886.94736842,832.89384,100.0,1.41505
115,2883.15652174,830.25184,100.0,1.43052
116,2895.53448276,837.25463,100.0,1.51365
117,2899.29059829,834.64991,100.0,1.45977
118,2903.37288136,832.27793,100.0,1.54581
119,2909.28571429,831.25876,100.0,1.42249
120,2912.55,828.55349,100.0,1.42644
121,2918.67768595,827.8485,100.0,1.46519
122,2924.39344262,826.84262,100.0,1.41422
123,2939.06504065,839.26851,100.0,1.42277
124,2927.48387097,845.68813,100.0,1.42195
125,2925.432,842.60843,100.0,1.41441
126,2926.65873016,839.37015,100.0,1.42703
127,2928.16535433,836.23004,100.0,1.46976
128,2938.21875,840.62687,100.0,1.61565
129,2940.05426357,837.61975,100.0,1.42319
130,2932.06923077,839.30626,100.0,1.43178
131,2925.51908397,839.42552,100.0,1.41455
132,2927.26515152,836.4786,100.0,1.41678
133,2926.16541353,833.42379,100.0,1.4314
134,2930.32835821,831.695,100.0,1.42227
135,2938.57777778,834.09343,100.0,1.42015
136,2936.20588235,831.47809,100.0,1.42909
137,2940.50364964,829.95268,100.0,1.47368
138,2952.91304348,839.59933,100.0,1.42203
139,2949.07913669,837.78521,100.0,1.45362
140,2943.55,837.3291,100.0,1.44236
141,2960.12765957,857.10103,100.0,1.41797
142,2960.05633803,854.07815,100.0,1.44357
143,2956.81818182,851.96092,100.0,1.46888
144,2955.96527778,849.05883,100.0,1.41782
145,2947.32413793,852.45618,100.0,1.44193
146,2938.56164384,856.05932,100.0,1.4278
147,2941.47619048,853.86912,100.0,1.41491
148,2940.09459459,851.14439,100.0,1.41454
149,2943.4295302,849.25305,100.0,1.52279
150,2944.68666667,846.55656,100.0,1.47954
151,2940.82119205,845.07587,100.0,1.41451
152,2943.72368421,843.04622,100.0,1.43132
153,2939.50326797,841.89612,100.0,1.49277
154,2934.20779221,841.71075,100.0,1.51967
155,2948.02580645,856.33553,100.0,1.52255
156,2951.44871795,854.64956,100.0,1.41547
157,2956.15923567,853.95255,100.0,1.4597
158,2953.82911392,851.74642,100.0,1.43579
159,2953.8427673,849.06377,100.0,1.52955
160,2948.29375,849.2935,100.0,1.42761
161,2953.02484472,848.76419,100.0,1.49202
162,2953.85185185,846.20556,100.0,1.5293
163,2954.7607362,843.68516,100.0,1.42692
164,2948.42682927,844.98738,100.0,1.42254
165,2950.78181818,842.96258,100.0,1.41616
166,2953.54216867,841.16734,100.0,1.41738
167,2954.90419162,838.82868,100.0,1.41909
168,2954.2202381,836.37514,100.0,1.42018
169,2950.8816568,835.019,100.0,1.42665
170,2946.15882353,834.82022,100.0,1.46667
171,2950.87134503,834.64037,100.0,1.46384
172,2958.59883721,838.32304,100.0,1.52742
173,2952.85549133,839.28349,100.0,1.41503
174,2949.54597701,837.99962,100.0,1.41488
175,2953.69142857,837.38921,100.0,1.41634
176,2962.67045455,843.413,100.0,1.5788
177,2957.71751412,843.59004,100.0,1.50268
178,2957.70786517,841.21708,100.0,1.46576
179,2953.1452514,841.06976,100.0,1.42166
180,2960.07777778,843.84304,100.0,1.46896
181,2958.80110497,841.68306,100.0,1.41425
182,2958.5989011,839.37196,100.0,1.41803
183,2960.57377049,837.49934,100.0,1.42064
184,2969.5923913,844.08386,100.0,1.43957
185,2969.17297297,841.81868,100.0,1.80014
186,2965.66666667,840.90613,100.0,1.45838
187,2968.09625668,839.30904,100.0,1.49806
188,2968.07446809,837.07391,100.0,1.44951
189,2968.29100529,834.86177,100.0,1.4281
190,2970.18947368,833.07081,100.0,1.41451
191,2972.38219895,831.43668,100.0,1.42878
192,2969.828125,830.01955,100.0,1.577
193,2975.64766839,831.78443,100.0,1.42405
194,2974.64948454,829.75377,100.0,1.42788
195,2973.85641026,827.69718,100.0,1.46984
196,2975.55102041,825.92208,100.0,1.42028
197,2976.05583756,823.85348,100.0,1.51041
198,2974.25252525,822.1601,100.0,1.48276
199,2971.32160804,821.12812,100.0,1.4477
200,2974.85,820.58369,100.0,1.41663
201,2985.02487562,831.09155,100.0,1.46127
202,2986.26237624,829.21747,100.0,1.45298
203,2983.72413793,827.95883,100.0,1.41425
204,2982.58823529,826.08558,100.0,1.41661
205,2984.85365854,824.70326,100.0,1.50903
206,2985.86893204,822.82754,100.0,1.5448
207,2984.09661836,821.23168,100.0,1.42151
208,2985.76923077,819.60855,100.0,1.47593
209,2993.89473684,826.00059,100.0,1.51564
210,2989.81428571,826.14037,100.0,1.42697
211,2990.81516588,824.30798,100.0,1.44702
212,2986.66509434,824.56813,100.0,1.41431
213,2989.59624413,823.73658,100.0,1.5365
214,2982.71028037,827.9317,100.0,1.41873
215,2993.24186047,840.24895,100.0,1.43908
216,2994.43518519,838.48427,100.0,1.47835
217,2991.65898618,837.54448,100.0,1.47805
218,2987.08715596,838.33084,100.0,1.5285
219,2988.90410959,836.84477,100.0,1.41872
220,2985.66818182,836.31282,100.0,1.44547
221,2986.47511312,834.5044,100.0,1.50091
222,2987.78378378,832.85002,100.0,1.42705
223,2987.30941704,831.01061,100.0,1.49988
224,2985.09375,829.81349,100.0,1.45578
225,2986.98222222,828.44969,100.0,1.41511
226,2988.49115044,826.92462,100.0,1.41592
227,2991.04405286,825.99327,100.0,1.42874
228,2989.10087719,824.69972,100.0,1.42058
229,2991.62008734,823.77583,100.0,1.41902
230,2985.9,826.52822,100.0,1.41691
231,2984.0952381,825.19131,100.0,1.43676
232,2986.66810345,824.33897,100.0,1.43725
233,2985.82403433,822.66857,100.0,1.45173
234,2987.68376068,821.39953,100.0,1.41421
235,2989.9787234,820.40147,100.0,1.41644
236,2987.35169492,819.65141,100.0,1.50954
237,2980.24050633,825.18361,100.0,1.41715
238,2982.3907563,824.11331,100.0,1.41422
239,2986.23012552,824.51765,100.0,1.61877
240,2989.97083333,824.82788,100.0,1.42441
241,2993.91286307,825.37722,100.0,1.46376
242,2993.09504132,823.76797,100.0,1.42695
243,2999.57613169,828.23076,100.0,1.41763
244,3002.55327869,827.83372,100.0,1.42687
245,2998.02857143,829.16035,100.0,1.41611
246,2999.75609756,827.91504,100.0,1.48152
247,3001.85425101,826.89249,100.0,1.45413
248,3001.34274194,825.26284,100.0,1.42262
249,3002.87550201,823.95766,100.0,1.4336
250,3000.844,822.93269,100.0,1.45895
251,3006.35856574,825.90723,100.0,1.49963
252,3013.11111111,831.18032,100.0,1.42264
253,3017.22134387,832.09816,100.0,1.42289
254,3015.5984252,830.85966,100.0,1.5008
255,3015.97647059,829.25081,100.0,1.4591
256,3017.16015625,827.84542,100.0,1.51674
257,3014.36575875,827.44208,100.0,1.41643
258,3016.01550388,826.26034,100.0,1.42185
259,3019.41698842,826.4716,100.0,1.55738
260,3018.4,825.04305,100.0,1.42269
261,3016.1954023,824.22793,100.0,1.41857
262,3023.81679389,831.81673,100.0,1.50959
263,3035.84410646,852.75327,100.0,1.60663
264,3040.93939394,855.13837,100.0,1.42284
265,3045.80754717,857.18065,100.0,1.41959
266,3047.93233083,856.26679,100.0,1.47888
267,3044.66666667,856.31977,100.0,1.46456
268,3042.88432836,855.2167,100.0,1.55656
269,3040.18215613,854.77104,100.0,1.42375
270,3039.24074074,853.32636,100.0,1.42026
271,3037.12546125,852.45939,100.0,1.41855
272,3033.73897059,852.71524,100.0,1.43101
273,3028.31135531,855.84618,100.0,1.42703
274,3024.87956204,856.16272,100.0,1.42516
275,3021.4,856.54334,100.0,1.48958
276,3018.54347826,856.30147,100.0,1.45114
277,3017.44043321,854.95082,100.0,1.41516
278,3015.85971223,853.81717,100.0,1.55029
279,3020.03225806,855.12037,100.0,1.50243
280,3017.48214286,854.65413,100.0,1.4186
281,3021.06405694,855.23488,100.0,1.41627
282,3019.87943262,853.94808,100.0,1.46213
283,3019.37809187,852.47958,100.0,1.45404
284,3020.18661972,851.0861,100.0,1.53048
285,3023.54736842,851.47734,100.0,1.46279
286,3021.93356643,850.42395,100.0,1.41613
287,3022.0,848.94182,100.0,1.42512
288,3022.37152778,847.49005,100.0,1.50663
289,3022.84429066,846.06058,100.0,1.41421
290,3018.8137931,847.37533,100.0,1.41529
291,3013.55670103,850.64221,100.0,1.45666
292,3011.21917808,850.12008,100.0,1.41666
293,3013.06484642,849.25395,100.0,1.43999
294,3010.20068027,849.22477,100.0,1.4145
295,3007.89152542,848.70825,100.0,1.46311
296,3005.44932432,848.31109,100.0,1.41581
297,3003.46127946,847.57218,100.0,1.43529
298,3002.82885906,846.21907,100.0,1.42313
299,2998.62876254,847.90845,100.0,1.43159
300,2997.87333333,846.59487,100.0,1.41447
301,3000.77408638,846.67942,100.0,1.51374
302,3000.59933775,845.28191,100.0,1.42367
303,3000.8349835,843.89584,100.0,1.41445
304,3000.50328947,842.52649,100.0,1.43584
305,3000.72786885,841.15328,100.0,1.41987
306,3001.55882353,839.9031,100.0,1.41553
307,3006.55700326,843.07995,100.0,1.51617
308,3010.14935065,844.06036,100.0,1.41481
309,3007.197411,844.28441,100.0,1.41502
310,3006.90322581,842.93742,100.0,1.42492
311,3010.23151125,843.61888,100.0,1.41688
312,3017.28846154,851.41043,100.0,1.53082
313,3014.94888179,851.05318,100.0,1.42421
314,3015.65923567,849.78986,100.0,1.41453
315,3014.77142857,848.58575,100.0,1.41851
316,3017.5,848.62488,100.0,1.43493
317,3017.01577287,847.32902,100.0,1.41497
318,3014.93081761,846.80974,100.0,1.4667
319,3009.99373041,850.05294,100.0,1.41423
320,3007.546875,849.8481,100.0,1.41689
321,3006.18380062,848.87359,100.0,1.41434
322,3003.17391304,849.26828,100.0,1.60432
323,3002.6873065,847.99756,100.0,1.43072
324,3006.56481481,849.5509,100.0,1.4337
325,3006.65846154,848.24457,100.0,1.41685
326,3012.14110429,852.69047,100.0,1.42487
327,3012.13149847,851.38568,100.0,1.43422
328,3007.70731707,853.84316,100.0,1.41697
329,3007.10942249,852.6133,100.0,1.51913
330,3003.71515152,853.54379,100.0,1.42557
331,3001.44410876,853.25143,100.0,1.42397
332,3001.21385542,851.97574,100.0,1.41986
333,3001.55255255,850.71792,100.0,1.49063
334,3003.8502994,850.47767,100.0,1.49555
335,3002.07164179,849.82927,100.0,1.46275
336,3004.64285714,849.86768,100.0,1.41829
337,3001.43026706,850.64658,100.0,1.41811
338,2996.59171598,854.01901,100.0,1.41478
339,2996.38053097,852.7673,100.0,1.41722
340,2998.60588235,852.49751,100.0,1.47151
341,2993.01759531,857.46056,100.0,1.41925
342,2994.80994152,856.84553,100.0,1.41676
343,2993.56268222,855.90643,100.0,1.41745
344,2992.24418605,855.01024,100.0,1.41933
345,2992.16521739,853.77145,100.0,1.41518
346,2990.88728324,852.86716,100.0,1.42262
347,2991.90778098,851.84889,100.0,1.46555
348,2992.41666667,850.67691,100.0,1.41842
349,2993.66189112,849.77485,100.0,1.43425
350,3004.26285714,871.36381,100.0,1.48157
351,3008.58119658,873.86414,100.0,1.59905
352,3008.9375,872.64751,100.0,1.43675
353,3008.12464589,871.54402,100.0,1.45128
354,3010.87288136,871.84253,100.0,1.43605
355,3010.68169014,870.62115,100.0,1.41542
356,3013.29494382,870.79065,100.0,1.50776
357,3010.56302521,871.0966,100.0,1.41929
358,3006.91061453,872.61224,100.0,1.47304
359,3008.69359331,872.04884,100.0,1.42266
360,3012.75277778,874.22651,100.0,1.44186
361,3014.32132964,873.52197,100.0,1.42251
362,3016.61049724,873.39826,100.0,1.42619
363,3017.14600551,872.25391,100.0,1.44262
364,3016.42032967,871.16466,100.0,1.42799
365,3014.63287671,870.63861,100.0,1.4291
366,3013.96994536,869.54064,100.0,1.54484
367,3010.13079019,871.4558,100.0,1.42769
368,3011.44565217,870.63542,100.0,1.43695
369,3010.33875339,869.71415,100.0,1.45939
370,3006.44324324,871.75566,100.0,1.42041
371,3008.69811321,871.65978,100.0,1.41439
372,3004.93010753,873.50772,100.0,1.41422
373,3007.22788204,873.46104,100.0,1.4348
374,3009.56951872,873.46409,100.0,1.41873
375,3009.608,872.29901,100.0,1.41442
376,3009.44946809,871.14368,100.0,1.42251
377,3007.23076923,871.05065,100.0,1.41505
378,3003.61904762,872.71978,100.0,1.41513
379,3002.43271768,871.87281,100.0,1.42049
380,3004.12631579,871.34886,100.0,1.4203
381,3005.832021,870.83962,100.0,1.47098
382,3004.82460733,869.9213,100.0,1.41919
383,3004.16710183,868.87993,100.0,1.4148
384,3005.63020833,868.22013,100.0,1.41828
385,3006.3974026,867.22216,100.0,1.55514
386,3002.9015544,868.81009,100.0,1.41591
387,3001.90956072,867.90572,100.0,1.41968
388,3003.69072165,867.49451,100.0,1.45869
389,3005.99742931,867.5694,100.0,1.43906
390,3007.76153846,867.15473,100.0,1.46016
391,3009.71355499,866.90265,100.0,1.47975
392,3012.75765306,867.88609,100.0,1.54767
393,3014.62086514,867.56586,100.0,1.42067
394,3016.67005076,867.41596,100.0,1.41464
395,3016.21518987,866.36432,100.0,1.4167
396,3014.29545455,866.11052,100.0,1.43532
397,3014.88413098,865.09834,100.0,1.41807
398,3017.13819095,865.17733,100.0,1.43558
399,3014.2556391,866.00394,100.0,1.41596
400,3014.29,864.92103,100.0,1.49194
401,3013.82044888,863.89294,100.0,1.50791
402,3013.98258706,862.82389,100.0,1.43178
403,3012.55831266,862.22574,100.0,1.41598
404,3013.12376238,861.23278,100.0,1.41805
405,3012.88888889,860.18183,100.0,1.51533
406,3013.00492611,859.12501,100.0,1.41482
407,3012.64373464,858.09979,100.0,1.41621
408,3010.48529412,858.15306,100.0,1.42188
409,3007.71882641,858.92297,100.0,1.42102
410,3004.02682927,861.11805,100.0,1.415
411,3002.90754258,860.36838,100.0,1.51975
412,3003.19417476,859.34326,100.0,1.61587
413,3000.91283293,859.55049,100.0,1.41439
414,3002.60628019,859.20127,100.0,1.41579
415,3001.63855422,858.39133,100.0,1.41956
416,3002.87740385,857.73035,100.0,1.5504
417,3002.8057554,856.70252,100.0,1.41505
418,3003.25837321,855.72706,100.0,1.42076
419,3001.26491647,855.67647,100.0,1.41439
420,3001.14761905,854.66057,100.0,1.56164
421,3003.96437055,855.59453,100.0,1.41642
422,3003.62322275,854.60885,100.0,1.42249
423,3002.19385343,854.10296,100.0,1.45375
424,3000.9740566,853.46397,100.0,1.42988
425,2998.18588235,854.39043,100.0,1.51189
426,2999.00704225,853.55493,100.0,1.52959
427,3000.00936768,852.80582,100.0,1.48686
428,3000.39485981,851.84622,100.0,1.42507
429,2998.20512821,852.05794,100.0,1.41673
430,3000.28139535,852.15241,100.0,1.42341
431,3000.46867749,851.17212,100.0,1.41691
432,3000.02314815,850.23671,100.0,1.58883
433,3001.60277136,849.88874,100.0,1.41846
434,3004.79032258,851.49636,100.0,1.47607
435,3003.26896552,851.10738,100.0,1.41506
436,3001.63073394,850.81714,100.0,1.51418
437,3000.41418764,850.22266,100.0,1.42337
438,3001.58219178,849.60246,100.0,1.41843
439,3000.89066059,848.75765,100.0,1.43556
440,3000.64772727,847.80789,100.0,1.42218
441,3001.9569161,847.29126,100.0,1.4375
442,3001.6719457,846.3534,100.0,1.41422
443,3000.60948081,845.69265,100.0,1.48342
444,2998.82432432,845.57495,100.0,1.41837
445,2999.85842697,844.90536,100.0,1.41492
446,3001.80044843,844.95134,100.0,1.56144
447,3003.75615213,845.01564,100.0,1.50412
448,3006.09375,845.51767,100.0,1.4297
449,3001.89755011,849.2328,100.0,1.41648
450,3005.19111111,851.15465,100.0,1.42603
451,3002.50776053,852.11388,100.0,1.43285
452,3002.53982301,851.17102,100.0,1.43936
453,3003.85209713,850.68864,100.0,1.48522
454,3004.11453744,849.7696,100.0,1.42004
455,3003.0967033,849.11228,100.0,1.48607
456,3003.26315789,848.18815,100.0,1.42237
457,3003.08971554,847.26775,100.0,1.66276
458,3005.29039301,847.6488,100.0,1.46
459,3006.36819172,847.03905,100.0,1.42368
460,3007.4173913,846.41638,100.0,1.41439
461,3010.80260304,848.6095,100.0,1.41941
462,3011.58441558,847.85678,100.0,1.43275
463,3010.29157667,847.39643,100.0,1.41698
464,3009.1875,846.8161,100.0,1.41763
465,3007.50107527,846.68471,100.0,1.41512
466,3006.69527897,845.95423,100.0,1.55884
467,3007.84154176,845.41021,100.0,1.49331
468,3007.33119658,844.57852,100.0,1.51223
469,3007.43070362,843.68039,100.0,1.41748
470,3010.83191489,845.99506,100.0,1.42861
471,3013.56050955,847.1643,100.0,1.44678
472,3012.36016949,846.66726,100.0,1.55533
473,3012.50951374,845.77801,100.0,1.41429
474,3013.29324895,845.05729,100.0,1.41829
475,3016.21894737,846.56702,100.0,1.4154
476,3013.71848739,847.43137,100.0,1.42343
477,3013.92872117,846.55504,100.0,1.46983
478,3015.05020921,846.0237,100.0,1.42845
479,3011.55949896,848.57898,100.0,1.41546
480,3012.9375,848.23091,100.0,1.44807
481,3011.81288981,847.70686,100.0,1.52019
482,3010.06846473,847.69082,100.0,1.41426
483,3013.2194617,849.63384,100.0,1.4892
484,3014.3553719,849.12271,100.0,1.4252
485,3012.95876289,848.80317,100.0,1.41438
486,3011.97942387,848.20371,100.0,1.41825
487,3011.19917864,847.50699,100.0,1.41594
488,3013.25819672,847.85665,100.0,1.42038
489,3011.44989775,847.93076,100.0,1.47052
490,3013.26326531,848.0137,100.0,1.48499
491,3014.04887984,847.32818,100.0,1.44374
492,3014.10365854,846.4675,100.0,1.43241
493,3012.17444219,846.69064,100.0,1.41854
494,3012.45748988,845.85657,100.0,1.47602
495,3010.84040404,845.76577,100.0,1.41556
496,3011.49193548,845.03709,100.0,1.57449
497,3011.5110664,844.18663,100.0,1.42519
498,3011.29919679,843.35186,100.0,1.576
499,3015.59318637,847.93827,100.0,1.42189
500,3014.42,847.49521,100.0,1.42724
