simulation,sample_comp_mean,sample_comp_std,correctness,theta_dist
1,2729.0,0.0,100.0,1.48058
2,4765.0,2036.0,100.0,1.4211
3,4127.0,1891.4594,100.0,1.49014
4,4012.25,1650.06566,100.0,1.43456
5,4378.0,1647.19932,100.0,1.43035
6,4217.16666667,1546.08909,100.0,1.51972
7,3993.0,1533.10507,100.0,1.49549
8,4119.5,1472.62538,100.0,1.41482
9,3937.66666667,1480.5992,100.0,1.4803
10,3972.8,1408.56869,100.0,1.5449
11,3898.63636364,1363.34097,100.0,1.43784
12,4016.58333333,1362.65675,100.0,1.41598
13,4067.69230769,1321.11529,100.0,1.42228
14,4148.57142857,1306.03089,100.0,1.45826
15,3990.0,1394.28505,100.0,1.56448
16,4017.6875,1354.26284,100.0,1.42022
17,3992.23529412,1317.76663,100.0,1.41633
18,4015.66666667,1284.27788,100.0,1.4146
19,3984.36842105,1257.05735,100.0,1.50746
20,4119.25,1358.98907,100.0,1.42421
21,4189.57142857,1363.01433,100.0,1.41714
22,4186.40909091,1331.75532,100.0,1.45536
23,4223.65217391,1314.14438,100.0,1.46415
24,4264.41666667,1301.24488,100.0,1.42919
25,4242.8,1279.34493,100.0,1.42163
26,4235.5,1255.03179,100.0,1.42283
27,4270.66666667,1244.5568,100.0,1.43151
28,4269.71428571,1222.14054,100.0,1.45874
29,4267.03448276,1200.96801,100.0,1.41581
30,4221.6,1205.86532,100.0,1.50441
31,4213.16129032,1187.15657,100.0,1.41623
32,4166.8125,1196.61746,100.0,1.5065
33,4152.84848485,1180.99214,100.0,1.50056
34,4098.5,1204.65539,100.0,1.50595
35,4068.05714286,1200.51739,100.0,1.48444
36,4073.38888889,1184.1463,100.0,1.42449
37,4116.2972973,1196.071,100.0,1.42953
38,4103.42105263,1182.82431,100.0,1.48505
39,4148.48717949,1200.15665,100.0,1.42129
40,4091.55,1237.2544,100.0,1.58516
41,4092.70731707,1222.09471,100.0,1.51711
42,4081.71428571,1209.50829,100.0,1.41777
43,4053.23255814,1209.52879,100.0,1.47478
44,4059.02272727,1196.30783,100.0,1.50106
45,4073.91111111,1187.05613,100.0,1.41836
46,4097.86956522,1185.03162,100.0,1.47887
47,4099.85106383,1172.43415,100.0,1.45238
48,4132.25,1181.22808,100.0,1.41457
49,4171.26530612,1199.95399,100.0,1.43114
50,4177.38,1188.66474,100.0,1.44492
51,4172.52941176,1177.45314,100.0,1.42406
52,4147.25,1179.96861,100.0,1.56733
53,4118.43396226,1187.11185,100.0,1.56248
54,4090.38888889,1193.65971,100.0,1.5608
55,4087.98181818,1182.89073,100.0,1.51698
56,4062.98214286,1186.85228,100.0,1.47602
57,4075.9122807,1180.36786,100.0,1.41983
58,4088.01724138,1173.71148,100.0,1.5244
59,4074.47457627,1168.28375,100.0,1.44916
60,4072.36666667,1158.62029,100.0,1.41858
61,4072.16393443,1149.08523,100.0,1.55102
62,4087.16129032,1145.7837,100.0,1.41955
63,4079.66666667,1138.18469,100.0,1.44138
64,4075.90625,1129.65199,100.0,1.42977
65,4043.81538462,1149.95209,100.0,1.48532
66,4098.48484848,1223.36518,100.0,1.42964
67,4077.79104478,1225.7847,100.0,1.48235
68,4074.89705882,1216.96876,100.0,1.4224
69,4076.34782609,1208.1772,100.0,1.45845
70,4051.44285714,1217.22519,100.0,1.46052
71,4032.11267606,1219.39532,100.0,1.47024
72,4040.23611111,1212.83079,100.0,1.41489
73,4058.04109589,1213.93313,100.0,1.42052
74,4077.28378378,1216.8608,100.0,1.41578
75,4077.54666667,1208.72329,100.0,1.45297
76,4096.69736842,1212.14452,100.0,1.4322
77,4103.94805195,1205.90551,100.0,1.4179
78,4082.11538462,1213.37036,100.0,1.52511
79,4074.35443038,1207.61313,100.0,1.44062
80,4064.4375,1203.27455,100.0,1.43217
81,4058.61728395,1196.95643,100.0,1.42033
82,4051.34146341,1191.43638,100.0,1.46038
83,4077.6746988,1208.00662,100.0,1.43286
84,4093.22619048,1209.1241,100.0,1.42566
85,4086.85882353,1203.40639,100.0,1.45053
86,4082.8372093,1196.96378,100.0,1.43775
87,4113.35632184,1223.25632,100.0,1.42531
88,4119.30681818,1217.55185,100.0,1.42458
89,4104.08988764,1219.07867,100.0,1.41618
90,4116.64444444,1218.05907,100.0,1.41525
91,4126.41758242,1214.891,100.0,1.42748
92,4156.34782609,1241.54608,100.0,1.42508
93,4161.15053763,1235.712,100.0,1.41465
94,4158.62765957,1229.36226,100.0,1.52739
95,4166.11578947,1225.028,100.0,1.4449
96,4177.90625,1224.0375,100.0,1.42333
97,4171.67010309,1219.24367,100.0,1.45511
98,4188.32653061,1224.04965,100.0,1.42093
99,4187.04040404,1217.91844,100.0,1.44776
100,4207.02,1228.01112,100.0,1.41592
101,4219.4950495,1228.26837,100.0,1.42188
102,4222.56862745,1222.62288,100.0,1.43492
103,4239.31067961,1228.3665,100.0,1.42808
104,4230.72115385,1225.55093,100.0,1.47885
105,4215.6,1229.41046,100.0,1.44296
106,4223.31132075,1226.14636,100.0,1.41817
107,4221.40186916,1220.56158,100.0,1.46318
108,4237.40740741,1226.12698,100.0,1.41876
109,4235.6146789,1220.63177,100.0,1.43373
110,4238.67272727,1215.49016,100.0,1.41845
111,4238.46846847,1210.00449,100.0,1.41425
112,4239.96428571,1204.69365,100.0,1.45657
113,4223.68141593,1211.66758,100.0,1.47293
114,4227.34210526,1206.96901,100.0,1.4322
115,4218.70434783,1205.24364,100.0,1.4436
116,4209.93103448,1203.71981,100.0,1.46327
117,4208.35897436,1198.68425,100.0,1.42002
118,4210.91525424,1193.9145,100.0,1.42179
119,4222.94957983,1196.053,100.0,1.41738
120,4218.31666667,1192.13077,100.0,1.58934
121,4217.46280992,1187.23124,100.0,1.44607
122,4209.24590164,1185.8053,100.0,1.45753
123,4202.79674797,1183.12147,100.0,1.43051
124,4208.00806452,1179.75773,100.0,1.42668
125,4216.92,1179.21248,100.0,1.42136
126,4211.88095238,1175.87415,100.0,1.41627
127,4211.22047244,1171.25904,100.0,1.45342
128,4204.96875,1168.80018,100.0,1.4683
129,4199.6744186,1165.80093,100.0,1.44772
130,4197.71538462,1161.52156,100.0,1.41692
131,4181.16030534,1172.37486,100.0,1.54105
132,4182.4469697,1168.01844,100.0,1.42146
133,4177.08270677,1165.25009,100.0,1.41489
134,4173.04477612,1161.82763,100.0,1.45328
135,4167.04444444,1159.59869,100.0,1.45568
136,4175.05882353,1159.07417,100.0,1.42618
137,4177.94160584,1155.32547,100.0,1.42582
138,4180.33333333,1151.47224,100.0,1.42903
139,4184.78417266,1148.51353,100.0,1.42994
140,4181.85,1144.92708,100.0,1.47689
141,4170.71631206,1148.44042,100.0,1.6102
142,4163.52816901,1147.56815,100.0,1.51478
143,4163.38461538,1143.54991,100.0,1.46334
144,4151.14583333,1148.93201,100.0,1.42253
145,4146.0137931,1146.61836,100.0,1.48921
146,4156.08219178,1149.09863,100.0,1.42476
147,4158.71428571,1145.625,100.0,1.41444
148,4169.41216216,1149.09183,100.0,1.41574
149,4168.2147651,1145.32197,100.0,1.44318
150,4180.42666667,1151.18972,100.0,1.41555
151,4182.90066225,1147.77152,100.0,1.44819
152,4195.03947368,1153.67346,100.0,1.42177
153,4187.35294118,1153.79545,100.0,1.59135
154,4190.31168831,1150.62543,100.0,1.45767
155,4194.38064516,1148.01874,100.0,1.439
156,4199.84615385,1146.35456,100.0,1.44104
157,4202.86624204,1143.32034,100.0,1.41797
158,4197.62658228,1141.58591,100.0,1.43375
159,4201.18238994,1138.86775,100.0,1.42062
160,4218.7125,1156.62217,100.0,1.43363
161,4216.85714286,1153.26339,100.0,1.4847
162,4216.71604938,1149.69982,100.0,1.47218
163,4219.09815951,1146.56866,100.0,1.4202
164,4227.77439024,1148.42233,100.0,1.42596
165,4227.87878788,1144.93776,100.0,1.42488
166,4224.13253012,1142.49782,100.0,1.53732
167,4226.61077844,1139.51947,100.0,1.41678
168,4215.67857143,1144.87297,100.0,1.46334
169,4210.55029586,1143.41443,100.0,1.46409
170,4211.95882353,1140.19353,100.0,1.44418
171,4217.19298246,1138.90127,100.0,1.42464
172,4214.25,1136.23761,100.0,1.47567
173,4214.97687861,1132.98903,100.0,1.42221
174,4216.36206897,1129.87553,100.0,1.42754
175,4229.56,1140.01403,100.0,1.43569
176,4227.19886364,1137.19978,100.0,1.41902
177,4226.56497175,1134.01398,100.0,1.44297
178,4216.55617978,1138.63699,100.0,1.43509
179,4210.48044693,1138.34178,100.0,1.46426
180,4207.62222222,1135.81923,100.0,1.53847
181,4220.22099448,1145.22007,100.0,1.41652
182,4223.73076923,1143.04526,100.0,1.4768
183,4219.69945355,1141.21453,100.0,1.45911
184,4213.30434783,1141.39245,100.0,1.50817
185,4209.91891892,1139.22936,100.0,1.42202
186,4206.97849462,1136.86649,100.0,1.44833
187,4214.77540107,1138.79809,100.0,1.42239
188,4208.88297872,1138.62007,100.0,1.48193
189,4208.33333333,1135.62886,100.0,1.44007
190,4202.11578947,1135.8572,100.0,1.6121
191,4200.58115183,1133.07733,100.0,1.51181
192,4202.51041667,1130.43724,100.0,1.41605
193,4203.46632124,1127.58264,100.0,1.42015
194,4210.83505155,1129.32207,100.0,1.42144
195,4207.52820513,1127.36392,100.0,1.42601
196,4205.49489796,1124.84274,100.0,1.442
197,4207.85279188,1122.46968,100.0,1.41444
198,4217.11111111,1127.14728,100.0,1.42416
199,4214.90452261,1124.74034,100.0,1.44006
200,4219.955,1124.18486,100.0,1.42972
201,4228.82089552,1128.37267,100.0,1.42795
202,4228.41584158,1125.59086,100.0,1.42994
203,4231.09359606,1123.45985,100.0,1.41629
204,4234.32843137,1121.65021,100.0,1.45387
205,4233.65365854,1118.95264,100.0,1.4208
206,4231.72330097,1116.57555,100.0,1.41515
207,4224.09661836,1119.24095,100.0,1.44139
208,4225.83653846,1116.82781,100.0,1.42193
209,4225.59808612,1114.15808,100.0,1.42214
210,4223.51428571,1111.91033,100.0,1.41557
211,4223.49763033,1109.27236,100.0,1.4248
212,4222.17924528,1106.81875,100.0,1.42551
213,4219.72300469,1104.79653,100.0,1.46966
214,4215.8364486,1103.67078,100.0,1.42366
215,4221.25116279,1103.94653,100.0,1.43117
216,4212.375,1109.05134,100.0,1.61664
217,4207.11520737,1109.18999,100.0,1.5379
218,4202.31651376,1108.89846,100.0,1.42701
219,4210.84018265,1113.49866,100.0,1.41924
220,4211.72727273,1111.04266,100.0,1.41972
221,4211.52941176,1108.53002,100.0,1.41472
222,4210.73873874,1106.09297,100.0,1.41584
223,4212.21973094,1103.83074,100.0,1.51571
224,4218.67857143,1105.57932,100.0,1.41598
225,4214.66666667,1104.7527,100.0,1.43425
226,4211.45575221,1103.35757,100.0,1.42309
227,4215.49339207,1102.59662,100.0,1.41689
228,4210.60526316,1102.63824,100.0,1.44921
229,4205.07423581,1103.39336,100.0,1.41506
230,4210.33478261,1103.86627,100.0,1.42148
231,4217.84415584,1107.3462,100.0,1.42134
232,4224.65948276,1109.80171,100.0,1.42177
233,4223.24034335,1107.62854,100.0,1.52336
234,4217.32478632,1108.94167,100.0,1.41814
235,4217.25957447,1106.58016,100.0,1.42034
236,4215.1440678,1104.70934,100.0,1.46817
237,4208.08438819,1107.69826,100.0,1.52409
238,4216.06302521,1112.17224,100.0,1.44816
239,4209.86610879,1113.953,100.0,1.43749
240,4210.0625,1111.63399,100.0,1.42249
241,4204.24896266,1112.97527,100.0,1.45805
242,4202.55785124,1110.98359,100.0,1.51731
243,4201.48971193,1108.81976,100.0,1.48339
244,4196.79098361,1108.96681,100.0,1.46758
245,4194.30612245,1107.38175,100.0,1.41989
246,4195.41463415,1105.26488,100.0,1.53425
247,4195.27125506,1103.02753,100.0,1.4569
248,4197.11693548,1101.18355,100.0,1.41505
249,4194.63855422,1099.66296,100.0,1.51642
250,4196.08,1097.69711,100.0,1.44301
251,4196.34262948,1095.51615,100.0,1.59059
252,4196.37301587,1093.34046,100.0,1.4446
253,4195.45849802,1091.27413,100.0,1.416
254,4194.94488189,1089.15448,100.0,1.45051
255,4195.80392157,1087.103,100.0,1.43107
256,4198.59375,1085.89191,100.0,1.42437
257,4193.98832685,1086.27934,100.0,1.48721
258,4204.55813953,1097.33379,100.0,1.42202
259,4205.97297297,1095.44909,100.0,1.42452
260,4206.72307692,1093.40706,100.0,1.42373
261,4211.10727969,1093.5977,100.0,1.42149
262,4209.2480916,1091.92187,100.0,1.42831
263,4210.18250951,1089.94894,100.0,1.43213
264,4206.54545455,1089.48049,100.0,1.7015
265,4205.49433962,1087.55703,100.0,1.42297
266,4205.80827068,1085.52286,100.0,1.41608
267,4207.79775281,1083.97388,100.0,1.41519
268,4208.60820896,1082.0307,100.0,1.41517
269,4208.82156134,1080.02326,100.0,1.44104
270,4207.76666667,1078.1602,100.0,1.47089
271,4207.91143911,1076.17176,100.0,1.43361
272,4218.65808824,1088.66234,100.0,1.43725
273,4218.22710623,1086.68987,100.0,1.41505
274,4226.23357664,1092.74211,100.0,1.42567
275,4223.79272727,1091.50154,100.0,1.44567
276,4232.26811594,1098.55036,100.0,1.42194
277,4232.72924188,1096.59238,100.0,1.43107
278,4225.0323741,1102.08857,100.0,1.4203
279,4225.54121864,1100.14445,100.0,1.41551
280,4224.38571429,1098.34774,100.0,1.41976
281,4228.82562278,1098.90592,100.0,1.42218
282,4233.81560284,1100.14037,100.0,1.4256
283,4236.93286219,1099.44186,100.0,1.41972
284,4240.4471831,1099.09569,100.0,1.41969
285,4238.65964912,1097.57923,100.0,1.48223
286,4237.03496503,1096.00196,100.0,1.49934
287,4237.42508711,1094.11077,100.0,1.42039
288,4234.39583333,1093.41459,100.0,1.42907
289,4237.70934256,1092.96874,100.0,1.41581
290,4245.22758621,1098.54306,100.0,1.41763
291,4241.93127148,1098.08963,100.0,1.42164
292,4240.34246575,1096.54272,100.0,1.43242
293,4239.33788396,1094.80448,100.0,1.41897
294,4239.23469388,1092.94241,100.0,1.47858
295,4234.25423729,1094.42521,100.0,1.44933
296,4233.13513514,1092.74401,100.0,1.52508
297,4233.73400673,1090.95148,100.0,1.41585
298,4234.52348993,1089.20447,100.0,1.42314
299,4234.5083612,1087.38156,100.0,1.41567
300,4230.51,1087.76717,100.0,1.44695
301,4226.20265781,1088.51842,100.0,1.5008
302,4229.47019868,1088.19238,100.0,1.4143
303,4228.56765677,1086.50841,100.0,1.42635
304,4227.0625,1085.03629,100.0,1.47649
305,4230.41967213,1084.8364,100.0,1.4153
306,4224.81372549,1087.47835,100.0,1.41758
307,4225.25081433,1085.73269,100.0,1.42023
308,4226.9512987,1084.37811,100.0,1.43192
309,4227.46601942,1082.65971,100.0,1.48065
310,4228.4,1081.03676,100.0,1.41734
311,4230.04180064,1079.68439,100.0,1.41951
312,4228.26923077,1078.40589,100.0,1.48393
313,4224.12140575,1079.17169,100.0,1.54845
314,4225.01592357,1077.56811,100.0,1.48397
315,4227.44761905,1076.71889,100.0,1.43666
316,4226.98101266,1075.04577,100.0,1.41466
317,4224.35962145,1074.35983,100.0,1.47561
318,4223.59119497,1072.7565,100.0,1.48007
319,4222.47962382,1071.25715,100.0,1.49061
320,4220.946875,1069.93228,100.0,1.4203
321,4219.63862928,1068.52073,100.0,1.41628
322,4218.66459627,1067.00297,100.0,1.42269
323,4220.52321981,1065.87191,100.0,1.42345
324,4216.57716049,1066.58617,100.0,1.52715
325,4217.10461538,1064.98632,100.0,1.43229
326,4217.53680982,1063.3802,100.0,1.42343
327,4217.02140673,1061.79377,100.0,1.49074
328,4218.78658537,1060.65436,100.0,1.41898
329,4217.55319149,1059.27675,100.0,1.60648
330,4225.18181818,1066.68341,100.0,1.42095
331,4232.27794562,1072.84349,100.0,1.43282
332,4231.02710843,1071.46824,100.0,1.47379
333,4229.46546547,1070.23655,100.0,1.41467
334,4227.58682635,1069.18294,100.0,1.41788
335,4226.98507463,1067.64259,100.0,1.41436
336,4223.16071429,1068.3482,100.0,1.44205
337,4225.6231454,1067.71644,100.0,1.43624
338,4228.27514793,1067.24679,100.0,1.42964
339,4224.48967552,1067.9416,100.0,1.47326
340,4225.84705882,1066.66277,100.0,1.41867
341,4224.43695015,1065.41492,100.0,1.42859
342,4225.09064327,1063.92464,100.0,1.4459
343,4226.82215743,1062.85507,100.0,1.42166
344,4223.95930233,1062.63267,100.0,1.41731
345,4218.96521739,1065.12669,100.0,1.45392
346,4222.24277457,1065.32722,100.0,1.41881
347,4221.00288184,1064.04104,100.0,1.4203
348,4224.73275862,1064.78045,100.0,1.42858
349,4222.94842407,1063.77478,100.0,1.42049
350,4226.24857143,1064.04161,100.0,1.48243
351,4225.96011396,1062.5385,100.0,1.41889
352,4222.70454545,1062.77979,100.0,1.4817
353,4226.59773371,1063.78399,100.0,1.41783
354,4226.73728814,1062.28365,100.0,1.4318
355,4227.24507042,1060.82944,100.0,1.47472
356,4227.57303371,1059.35649,100.0,1.41597
357,4230.26890756,1059.09393,100.0,1.42949
358,4229.91899441,1057.63438,100.0,1.49576
359,4230.49860724,1056.21726,100.0,1.46528
360,4234.225,1057.10979,100.0,1.42003
361,4237.75900277,1057.77204,100.0,1.42689
362,4240.57734807,1057.66645,100.0,1.41692
363,4242.43526171,1056.79997,100.0,1.41645
364,4239.75549451,1056.58162,100.0,1.44662
365,4236.83287671,1056.60559,100.0,1.41534
366,4235.08743169,1055.68795,100.0,1.43743
367,4235.85558583,1054.35113,100.0,1.45526
368,4233.69293478,1053.7324,100.0,1.41476
369,4229.46341463,1055.42692,100.0,1.66371
370,4226.93243243,1055.12044,100.0,1.43951
371,4222.04312668,1057.88627,100.0,1.50861
372,4223.47580645,1056.82376,100.0,1.41817
373,4229.74798928,1062.31668,100.0,1.41817
374,4231.10160428,1061.21758,100.0,1.57122
375,4228.336,1061.15039,100.0,1.63383
376,4226.78989362,1060.16121,100.0,1.46633
377,4224.22281167,1059.92373,100.0,1.45094
378,4220.03174603,1061.64414,100.0,1.54899
379,4214.75725594,1065.19035,100.0,1.49596
380,4218.45526316,1066.22115,100.0,1.42176
381,4218.48818898,1064.82118,100.0,1.55383
382,4222.44240838,1066.22382,100.0,1.42329
383,4224.32375979,1065.46566,100.0,1.42829
384,4222.38802083,1064.75157,100.0,1.41957
385,4222.91168831,1063.41739,100.0,1.41781
386,4223.00518135,1062.0406,100.0,1.49705
387,4225.33074935,1061.6512,100.0,1.41986
388,4224.94329897,1060.30961,100.0,1.44827
389,4224.29562982,1059.02271,100.0,1.41769
390,4219.01025641,1062.78887,100.0,1.53405
391,4216.73657289,1062.37824,100.0,1.52536
392,4221.32397959,1064.89279,100.0,1.44929
393,4222.38167939,1063.74325,100.0,1.51991
394,4220.81218274,1062.84798,100.0,1.48175
395,4224.01518987,1063.40403,100.0,1.43412
396,4224.38383838,1062.08577,100.0,1.45259
397,4230.32493703,1067.31545,100.0,1.42248
398,4233.18341709,1067.49422,100.0,1.42661
399,4230.66165414,1067.34198,100.0,1.42394
400,4227.325,1068.08849,100.0,1.58519
401,4227.74563591,1066.78905,100.0,1.4198
402,4226.91293532,1065.59185,100.0,1.44494
403,4228.94044665,1065.04505,100.0,1.42951
404,4226.83168317,1064.56814,100.0,1.4987
405,4225.98271605,1063.38996,100.0,1.42978
406,4225.49507389,1062.1249,100.0,1.41886
407,4221.23341523,1064.28906,100.0,1.51625
408,4221.81617647,1063.049,100.0,1.42562
409,4220.85085575,1061.92766,100.0,1.5643
410,4219.14634146,1061.19187,100.0,1.49504
411,4220.01703163,1060.04671,100.0,1.56435
412,4215.1407767,1063.36462,100.0,1.44051
413,4215.61985472,1062.12098,100.0,1.41602
414,4216.21497585,1060.90639,100.0,1.41459
415,4208.24819277,1071.95462,100.0,1.8264
416,4209.33413462,1070.89396,100.0,1.42167
417,4210.83213429,1070.04543,100.0,1.42034
418,4208.83971292,1069.53886,100.0,1.41536
419,4210.8353222,1069.04066,100.0,1.42565
420,4213.17380952,1068.83964,100.0,1.41451
421,4214.55344418,1067.94383,100.0,1.43245
422,4217.17061611,1068.0286,100.0,1.47061
423,4223.69739953,1075.15821,100.0,1.42887
424,4223.08018868,1073.96461,100.0,1.4276
425,4221.27294118,1073.34568,100.0,1.48841
426,4221.51408451,1072.09667,100.0,1.53064
427,4220.62997658,1070.99601,100.0,1.41864
428,4215.74065421,1074.50459,100.0,1.43011
429,4215.43356643,1073.27033,100.0,1.48623
430,4216.36046512,1072.1935,100.0,1.43269
431,4216.42691415,1070.94982,100.0,1.54465
432,4216.41666667,1069.7096,100.0,1.50818
433,4218.81986143,1069.64055,100.0,1.43015
434,4221.98847926,1070.44011,100.0,1.41631
435,4224.87816092,1070.90239,100.0,1.42637
436,4225.18807339,1069.69312,100.0,1.47787
437,4225.83524027,1068.55396,100.0,1.42569
438,4225.72146119,1067.3361,100.0,1.42159
439,4225.01594533,1066.22201,100.0,1.42068
440,4221.49545455,1067.56104,100.0,1.53544
441,4222.3877551,1066.51422,100.0,1.41633
442,4223.03167421,1065.39289,100.0,1.48539
443,4219.89390519,1066.2324,100.0,1.50838
444,4216.83333333,1066.97736,100.0,1.41699
445,4223.47865169,1074.937,100.0,1.42408
446,4225.54484305,1074.61553,100.0,1.51229
447,4227.6442953,1074.32813,100.0,1.41682
448,4227.07142857,1073.19678,100.0,1.47793
449,4226.75946548,1072.02135,100.0,1.41614
450,4231.75777778,1076.05453,100.0,1.438
451,4235.17738359,1077.30596,100.0,1.41574
452,4232.97123894,1077.133,100.0,1.45529
453,4231.33995585,1076.50227,100.0,1.43047
454,4231.16740088,1075.32231,100.0,1.46663
455,4230.29450549,1074.301,100.0,1.41582
456,4231.67105263,1073.52403,100.0,1.42299
457,4229.68490153,1073.18726,100.0,1.43832
458,4231.86026201,1073.02321,100.0,1.41898
459,4231.97821351,1071.85667,100.0,1.41987
460,4228.94130435,1072.66604,100.0,1.42853
461,4228.78524946,1071.50723,100.0,1.41846
462,4235.24025974,1079.28271,100.0,1.42143
463,4237.43844492,1079.15137,100.0,1.44298
464,4238.59698276,1078.27607,100.0,1.41817
465,4239.08817204,1077.16798,100.0,1.42454
466,4240.87339056,1076.70001,100.0,1.42263
467,4240.21841542,1075.63954,100.0,1.41611
468,4240.23076923,1074.48977,100.0,1.43783
469,4238.29637527,1074.15911,100.0,1.47919
470,4237.1,1073.32853,100.0,1.41488
471,4237.31847134,1072.19897,100.0,1.43365
472,4239.27330508,1071.90246,100.0,1.41587
473,4235.25158562,1074.3277,100.0,1.43932
474,4239.66877637,1077.48504,100.0,1.52989
475,4237.06736842,1077.8393,100.0,1.50027
476,4236.32142857,1076.82925,100.0,1.4367
477,4235.26415094,1075.9472,100.0,1.45622
478,4236.90376569,1075.41751,100.0,1.4146
479,4240.25052192,1076.78333,100.0,1.42084
480,4243.2625,1077.67912,100.0,1.41435
481,4240.8981289,1077.80382,100.0,1.45527
482,4241.9253112,1076.92084,100.0,1.4344
483,4238.4057971,1078.57678,100.0,1.49404
484,4235.33057851,1079.57955,100.0,1.41496
485,4235.24329897,1078.46772,100.0,1.46082
486,4236.78600823,1077.89318,100.0,1.41428
487,4235.45995893,1077.18269,100.0,1.42731
488,4234.89344262,1076.15108,100.0,1.50979
489,4234.21267894,1075.15533,100.0,1.42706
490,4237.68979592,1076.80642,100.0,1.41607
491,4238.58044807,1075.88997,100.0,1.42393
492,4238.50406504,1074.79737,100.0,1.42174
493,4241.59432049,1075.89248,100.0,1.47955
494,4237.94331984,1077.85575,100.0,1.5533
495,4238.04242424,1076.76871,100.0,1.46562
496,4238.21572581,1075.68962,100.0,1.42554
497,4237.70422535,1074.66727,100.0,1.43202
498,4238.25100402,1073.65695,100.0,1.41606
499,4236.69138277,1073.14514,100.0,1.42343
500,4234.688,1073.00511,100.0,1.4245
